<TICKER>;<PER>;<DATE>;<TIME>;<OPEN>;<HIGH>;<LOW>;<CLOSE>;<VOL>;<OPENINT>
AFLT;D;20170103;000000;153.98;157.95;151.33;151.68;3548200;0
AFLT;D;20170104;000000;152.87;153.27;148.01;148.4;4469800;0
AFLT;D;20170105;000000;149.02;150.04;148.01;148.01;3250500;0
AFLT;D;20170106;000000;148.21;148.69;146.16;146.31;2184900;0
AFLT;D;20170109;000000;147.02;149.7;143.03;143.13;4593900;0
AFLT;D;20170110;000000;143.21;148.64;140;148.07;4136100;0
AFLT;D;20170111;000000;148.07;150.48;145.23;147.03;5031900;0
AFLT;D;20170112;000000;147.5;157.91;145.71;157.91;8190600;0
AFLT;D;20170113;000000;157.23;161.6;154.78;156.9;8317800;0
AFLT;D;20170116;000000;157.3;160.45;155.22;159.01;3097100;0
AFLT;D;20170117;000000;159.77;160;156.56;158.63;3328900;0
AFLT;D;20170118;000000;159.3;164.95;158.29;163.54;6540600;0
AFLT;D;20170119;000000;163;164.33;158.72;160.85;4848200;0
AFLT;D;20170120;000000;160;162.83;158.02;160.5;3319700;0
AFLT;D;20170123;000000;160.5;161.36;158.71;160.2;1791900;0
AFLT;D;20170124;000000;159.02;161.65;159.02;161.4;2681900;0
AFLT;D;20170125;000000;161.3;166.93;160.96;166.71;5197600;0
AFLT;D;20170126;000000;166.61;169.13;165.09;165.5;3444000;0
AFLT;D;20170127;000000;165.5;168.5;165.05;168.5;3310700;0
AFLT;D;20170130;000000;168.5;172;167.31;170.9;3782400;0
AFLT;D;20170131;000000;171.3;174.17;171;174.17;2981700;0
AFLT;D;20170201;000000;174.15;175.4;171.55;175;2754000;0
AFLT;D;20170202;000000;175.25;178.1;174.45;176.9;3607000;0
AFLT;D;20170203;000000;177.1;179.5;173.15;178.5;5301600;0
AFLT;D;20170206;000000;178.55;179.8;175.6;179;3018100;0
AFLT;D;20170207;000000;177.2;177.6;170.25;173.5;6429900;0
AFLT;D;20170208;000000;172.35;173.85;170.75;172;3395100;0
AFLT;D;20170209;000000;172.85;178.5;172;178.5;3824300;0
AFLT;D;20170210;000000;178.15;179.9;176.65;179.5;2857900;0
AFLT;D;20170213;000000;178.5;180;176.25;177.4;1809800;0
AFLT;D;20170214;000000;177.45;179.5;173.75;175.2;2543900;0
AFLT;D;20170215;000000;173.15;174.95;171.1;172.85;3881500;0
AFLT;D;20170216;000000;172.05;173.75;171;171.2;2379000;0
AFLT;D;20170217;000000;172.45;175;171.35;173.1;3088200;0
AFLT;D;20170220;000000;173.2;174.25;171;171.25;1212000;0
AFLT;D;20170221;000000;171;172.6;167.05;170.9;2088200;0
AFLT;D;20170222;000000;171.55;171.6;168;168.25;2090300;0
AFLT;D;20170224;000000;169;169.2;165.25;167;1883700;0
AFLT;D;20170227;000000;167;168.25;163;165.05;2714000;0
AFLT;D;20170228;000000;165.4;167;160.5;165.2;4110000;0
AFLT;D;20170301;000000;166.4;177.4;165.45;177.35;5307300;0
AFLT;D;20170302;000000;177.2;181.9;172.05;174;11575800;0
AFLT;D;20170303;000000;173.9;174;168.85;168.85;6197300;0
AFLT;D;20170306;000000;169.05;172;166.8;167.1;2132400;0
AFLT;D;20170307;000000;167.3;167.8;159.3;161.15;4787200;0
AFLT;D;20170309;000000;162;162.65;151.05;152.65;7158500;0
AFLT;D;20170310;000000;153.5;155.65;148.4;149.2;5046700;0
AFLT;D;20170313;000000;149.45;157.6;146.35;157.4;4927500;0
AFLT;D;20170314;000000;157.6;159.3;153.3;154.6;3645200;0
AFLT;D;20170315;000000;155.95;156.75;152.7;153.1;3288600;0
AFLT;D;20170316;000000;154.2;159.95;154.2;159.4;5627900;0
AFLT;D;20170317;000000;158.3;162.25;158;161.55;4112400;0
AFLT;D;20170320;000000;161.35;161.95;157.55;159.3;1924500;0
AFLT;D;20170321;000000;159.95;161.55;158.55;159;1842600;0
AFLT;D;20170322;000000;158.1;165.25;157;164.25;4081200;0
AFLT;D;20170323;000000;165;167.3;162.15;165.45;3059400;0
AFLT;D;20170324;000000;167;169.4;164.7;167.6;1630800;0
AFLT;D;20170327;000000;167;167;163.45;165;2364600;0
AFLT;D;20170328;000000;165;167.2;164.7;165.65;1273400;0
AFLT;D;20170329;000000;166.9;168.8;166.25;166.25;1201100;0
AFLT;D;20170330;000000;167.5;169.4;166.5;168.8;1578200;0
AFLT;D;20170331;000000;169.25;171;167.6;168;3229400;0
AFLT;D;20170403;000000;168.5;170.6;167.15;168.3;2557900;0
AFLT;D;20170404;000000;168.85;169.95;168.2;168.7;1669000;0
AFLT;D;20170405;000000;169.2;174.95;169.2;174.95;2959200;0
AFLT;D;20170406;000000;174.55;177.8;174.15;177.5;2826100;0
AFLT;D;20170407;000000;176.05;176.3;170.4;171.9;3857800;0
AFLT;D;20170410;000000;171;171.7;163.05;163.55;4863400;0
AFLT;D;20170411;000000;162.25;169.3;160.75;166.35;3064500;0
AFLT;D;20170412;000000;168.25;169.05;162.5;164.2;4142800;0
AFLT;D;20170413;000000;165.2;167.6;160.1;166.3;4612600;0
AFLT;D;20170414;000000;166.3;166.65;161.7;161.75;1111500;0
AFLT;D;20170417;000000;161.3;163.85;160.3;163.8;2732400;0
AFLT;D;20170418;000000;163.8;166.8;161.35;163.05;2572000;0
AFLT;D;20170419;000000;163.75;164.75;161.5;162.05;1598200;0
AFLT;D;20170420;000000;162.05;164.3;161.55;163.5;1831400;0
AFLT;D;20170421;000000;164;168.2;164;167.35;1698300;0
AFLT;D;20170424;000000;168.35;171.85;168.35;171.85;1839400;0
AFLT;D;20170425;000000;172.1;176.45;171.05;176.45;2083200;0
AFLT;D;20170426;000000;177;179.95;175.85;179.95;3969000;0
AFLT;D;20170427;000000;179.3;179.4;173.6;175.85;3381300;0
AFLT;D;20170428;000000;177;178.9;175.45;175.75;2419700;0
AFLT;D;20170502;000000;175.3;184.4;175.3;180;4268300;0
AFLT;D;20170503;000000;179;182.3;178.1;181.25;2684300;0
AFLT;D;20170504;000000;181.25;185.45;179.05;183.15;4264900;0
AFLT;D;20170505;000000;181.95;188.95;180.25;187.6;4032700;0
AFLT;D;20170510;000000;187.8;191.2;185.6;189.8;4362600;0
AFLT;D;20170511;000000;189.5;191;186.6;187.5;2692900;0
AFLT;D;20170512;000000;187.5;190.4;183.1;184.15;4828200;0
AFLT;D;20170515;000000;186.05;187.15;180.35;181.9;2686000;0
AFLT;D;20170516;000000;182;185.7;181.15;184.4;2125700;0
AFLT;D;20170517;000000;184;187.45;183.55;186;3673700;0
AFLT;D;20170518;000000;185.5;189.3;185.5;189.3;4088600;0
AFLT;D;20170519;000000;189.8;193;186;189.1;5074300;0
AFLT;D;20170522;000000;190;190.8;182.3;190.3;3726100;0
AFLT;D;20170523;000000;187.7;195.25;187.7;195;3883400;0
AFLT;D;20170524;000000;194.95;196.1;192.2;193.8;2198500;0
AFLT;D;20170525;000000;194.05;196.2;193;195.15;1646200;0
AFLT;D;20170526;000000;195.85;197.1;189.4;190.1;4159700;0
AFLT;D;20170529;000000;190.05;190.05;184.45;189.5;2868100;0
AFLT;D;20170530;000000;189.85;193.3;187;191.05;2479800;0
AFLT;D;20170531;000000;191.25;191.25;185.95;188.6;4548000;0
AFLT;D;20170601;000000;187.5;189.85;186;188.2;1989000;0
AFLT;D;20170602;000000;188.7;194;185.2;185.8;3282200;0
AFLT;D;20170605;000000;185.95;190.35;185.85;189.05;2250100;0
AFLT;D;20170606;000000;188.95;190.3;187.35;190;1609000;0
AFLT;D;20170607;000000;189.15;191.25;187.15;189;2964300;0
AFLT;D;20170608;000000;189.95;192.65;188.1;192.1;2637100;0
AFLT;D;20170609;000000;192.1;193.3;190.6;192.85;1842300;0
AFLT;D;20170613;000000;193.9;193.9;188.3;189;2716400;0
AFLT;D;20170614;000000;189.6;190.1;187.05;190;3950400;0
AFLT;D;20170615;000000;186.65;189.05;178.65;182.2;6767000;0
AFLT;D;20170616;000000;181;186.25;171.2;174.65;8423100;0
AFLT;D;20170619;000000;175.05;181.95;170.15;181.5;6960300;0
AFLT;D;20170620;000000;181.7;183.3;180;181.4;1996800;0
AFLT;D;20170621;000000;181.2;192;181;191;9242500;0
AFLT;D;20170622;000000;192;195;190.3;194.3;3966700;0
AFLT;D;20170623;000000;194.95;194.95;191.3;191.35;5221700;0
AFLT;D;20170626;000000;192.1;194;185.95;186.75;3643300;0
AFLT;D;20170627;000000;186.75;191;184.75;189.5;3294600;0
AFLT;D;20170628;000000;190;190.8;187.75;190.05;2130700;0
AFLT;D;20170629;000000;191.95;193.35;190.4;193;1742400;0
AFLT;D;20170630;000000;192.85;195.3;191.25;195.3;3949800;0
AFLT;D;20170703;000000;195.3;199.3;194.5;197.8;2719300;0
AFLT;D;20170704;000000;197.85;199.75;196.8;198.8;1870300;0
AFLT;D;20170705;000000;199;204.7;198.05;204.25;4310700;0
AFLT;D;20170706;000000;204.3;215.4;203.55;215.25;12139200;0
AFLT;D;20170707;000000;215;215.8;211.65;213;6053200;0
AFLT;D;20170710;000000;213.9;220.85;213;217.5;5267600;0
AFLT;D;20170711;000000;217.65;220.6;213.5;217.2;8029200;0
AFLT;D;20170712;000000;217;225;216.75;225;6346100;0
AFLT;D;20170713;000000;209.95;216.75;209.25;211.5;8892200;0
AFLT;D;20170714;000000;211;213.95;210.55;212.8;3513000;0
AFLT;D;20170717;000000;212;212.6;205.1;209.2;6410900;0
AFLT;D;20170718;000000;209;209.9;206.8;208.7;1816000;0
AFLT;D;20170719;000000;209.75;217.7;208.7;212.7;9064000;0
AFLT;D;20170720;000000;214.75;217.15;213.55;214.7;2878700;0
AFLT;D;20170721;000000;214.2;215.7;207.7;208.5;4259000;0
AFLT;D;20170724;000000;207.5;209.65;201.55;204.6;4170300;0
AFLT;D;20170725;000000;204.95;206.8;202.05;204.55;3335500;0
AFLT;D;20170726;000000;204.5;208.75;204.5;208;2897500;0
AFLT;D;20170727;000000;208.95;212;207;207.75;2402600;0
AFLT;D;20170728;000000;207.2;207.45;202.3;203.35;3313600;0
AFLT;D;20170731;000000;203;204.85;200.05;201.7;3905800;0
AFLT;D;20170801;000000;202.2;206.5;201.6;206.4;3841200;0
AFLT;D;20170802;000000;206.35;207.1;204.3;205.55;2044100;0
AFLT;D;20170803;000000;204.8;205.85;203.45;204.3;1752200;0
AFLT;D;20170804;000000;204.3;205.6;201.7;205.45;2537800;0
AFLT;D;20170807;000000;205;206.45;204.15;205.4;1200100;0
AFLT;D;20170808;000000;205;210.6;204.4;210.05;3610000;0
AFLT;D;20170809;000000;210.3;211.75;206.65;208.9;2438500;0
AFLT;D;20170810;000000;209.5;210.35;205.7;205.85;1793000;0
AFLT;D;20170811;000000;205;205.7;201.2;202.9;2894700;0
AFLT;D;20170814;000000;203.2;205.5;203.15;205.25;1056300;0
AFLT;D;20170815;000000;205;207.15;203.5;206.85;3037000;0
AFLT;D;20170816;000000;207.25;209.7;205.65;209.7;2829700;0
AFLT;D;20170817;000000;209.6;211.7;209.1;210.95;1591000;0
AFLT;D;20170818;000000;209.85;212.85;207.95;212.65;2551000;0
AFLT;D;20170821;000000;212.1;214.95;211.7;213.05;1621200;0
AFLT;D;20170822;000000;213.2;214.65;212.8;213;697000;0
AFLT;D;20170823;000000;213.95;214.45;208.55;209.3;1956300;0
AFLT;D;20170824;000000;208.7;209.35;205.6;206.4;3363600;0
AFLT;D;20170825;000000;207;207.4;202.1;204;4864300;0
AFLT;D;20170828;000000;204.35;206.95;202.7;203.15;2682700;0
AFLT;D;20170829;000000;202.35;205.4;200.4;204.7;3289600;0
AFLT;D;20170830;000000;200.8;201;193.45;198;14788400;0
AFLT;D;20170831;000000;198;198.1;191.8;191.8;11350000;0
AFLT;D;20170901;000000;193.45;195.35;187.5;190;6963400;0
AFLT;D;20170904;000000;189.9;194.1;186.4;193.25;3398500;0
AFLT;D;20170905;000000;193.7;202.9;193;200.75;8120500;0
AFLT;D;20170906;000000;201.45;201.85;196.25;199.65;6343200;0
AFLT;D;20170907;000000;199.3;200.9;197;197.05;4988100;0
AFLT;D;20170908;000000;197;197.5;195.05;195.85;3996300;0
AFLT;D;20170911;000000;196.5;198;194.35;197.5;4751200;0
AFLT;D;20170912;000000;197.7;198.45;195.3;197.85;4699600;0
AFLT;D;20170913;000000;197.8;198.8;194.95;196.5;4406500;0
AFLT;D;20170914;000000;197;197;192;196.25;4855700;0
AFLT;D;20170915;000000;195.75;196.15;193.65;194.5;4619300;0
AFLT;D;20170918;000000;194;196.5;193.8;195.15;4984200;0
AFLT;D;20170919;000000;195.8;196.85;189.3;190;6289700;0
AFLT;D;20170920;000000;186;194.55;186;188;27668800;0
AFLT;D;20170921;000000;188.05;188.5;186.1;187;5915800;0
AFLT;D;20170922;000000;186.95;186.95;183.65;183.95;5175500;0
AFLT;D;20170925;000000;183.55;184.9;182.25;183.55;5640500;0
AFLT;D;20170926;000000;184;189.8;183.7;184.05;12038800;0
AFLT;D;20170927;000000;185;185.75;183.2;185.3;3633700;0
AFLT;D;20170928;000000;185.05;185.3;183.1;183.8;3299000;0
AFLT;D;20170929;000000;183.05;184;179.3;183.95;7324800;0
AFLT;D;20171002;000000;183.4;186.35;183.4;184.75;4313400;0
AFLT;D;20171003;000000;185;187.5;184.8;186;3978700;0
AFLT;D;20171004;000000;186;187.75;182.6;184.3;5582700;0
AFLT;D;20171005;000000;184.35;184.35;181.4;181.7;5641400;0
AFLT;D;20171006;000000;181.4;182.7;180.55;181;3801700;0
AFLT;D;20171009;000000;181.3;181.9;180.7;181.6;2365800;0
AFLT;D;20171010;000000;181.3;183.85;181.2;181.75;2890300;0
AFLT;D;20171011;000000;182;183.6;181.9;183.55;4960100;0
AFLT;D;20171012;000000;183.6;183.75;179.6;181;7986600;0
AFLT;D;20171013;000000;180.6;181.45;179.75;180.6;3554500;0
AFLT;D;20171016;000000;180.65;182;180.25;181.25;2323200;0
AFLT;D;20171017;000000;181.65;182;180.95;181.1;1737400;0
AFLT;D;20171018;000000;181.2;182.3;181;181.7;2903100;0
AFLT;D;20171019;000000;181.85;182.05;180.4;180.4;1504800;0
AFLT;D;20171020;000000;180.8;182.85;179.75;182.5;2498200;0
AFLT;D;20171023;000000;182.85;185.95;182.5;184.7;5382100;0
AFLT;D;20171024;000000;185.7;185.7;183.25;184;3202800;0
AFLT;D;20171025;000000;184.1;185.7;183.5;184.5;2342600;0
AFLT;D;20171026;000000;184.7;185;179.5;182.55;4659900;0
AFLT;D;20171027;000000;183;183.85;181;182.8;2666500;0
AFLT;D;20171030;000000;182.9;184.8;181.65;184.35;2977900;0
AFLT;D;20171031;000000;184.35;185.3;179.65;180;8604000;0
AFLT;D;20171101;000000;179.05;179.25;164.6;164.9;26765800;0
AFLT;D;20171102;000000;164.1;165.7;162;164.5;15619000;0
AFLT;D;20171103;000000;164.9;165.4;161.05;162.4;7908100;0
AFLT;D;20171107;000000;162.55;163.15;155.6;158.45;16701900;0
AFLT;D;20171108;000000;158.45;164.8;155.1;163;12892700;0
AFLT;D;20171109;000000;164;168.45;163.65;164.5;9710800;0
AFLT;D;20171110;000000;165.25;166.85;163.15;163.4;4065700;0
AFLT;D;20171113;000000;163.4;164;160.1;161;4449500;0
AFLT;D;20171114;000000;160.8;162;156.75;157;9399900;0
AFLT;D;20171115;000000;155.5;161.2;154.05;159.2;5696200;0
AFLT;D;20171116;000000;159.2;165.1;157;164.4;5804800;0
AFLT;D;20171117;000000;164.4;166.85;161.25;164.55;6017900;0
AFLT;D;20171120;000000;164.55;165.6;163.55;164.6;2634900;0
AFLT;D;20171121;000000;164.6;166.7;164.25;166.25;3820800;0
AFLT;D;20171122;000000;166.45;168.6;160.65;163.95;8010200;0
AFLT;D;20171123;000000;164;164.45;162.1;162.3;2532500;0
AFLT;D;20171124;000000;162.15;162.85;157.65;159.85;10583200;0
AFLT;D;20171127;000000;158.95;160.05;156.25;157;4481300;0
AFLT;D;20171128;000000;157;158.1;155.3;157.2;6951500;0
AFLT;D;20171129;000000;157.8;159.15;156.3;158.6;3840700;0
AFLT;D;20171130;000000;158.45;158.6;146.85;152.5;17548500;0
AFLT;D;20171201;000000;152.55;154.9;147.05;148.15;15095100;0
AFLT;D;20171204;000000;148.1;148.55;143.2;144.6;9784500;0
AFLT;D;20171205;000000;143.55;149.2;141.75;146.4;10209600;0
AFLT;D;20171206;000000;146.3;147.6;144.2;144.7;7923000;0
AFLT;D;20171207;000000;144.5;145.3;143.55;144.35;3414200;0
AFLT;D;20171208;000000;144.8;146.3;143.8;144.35;3116900;0
AFLT;D;20171211;000000;144.4;145.25;143.15;143.55;3566600;0
AFLT;D;20171212;000000;144.2;144.25;140.1;140.1;6955600;0
AFLT;D;20171213;000000;140.45;141.65;136.6;137;9008900;0
AFLT;D;20171214;000000;137.85;142.55;136.25;141.8;8577100;0
AFLT;D;20171215;000000;141.8;145.7;140.7;143.6;10139300;0
AFLT;D;20171218;000000;144.05;146.5;140.85;142;7630500;0
AFLT;D;20171219;000000;142.75;143.35;140.35;141.35;3170000;0
AFLT;D;20171220;000000;142;142;138;138;6821200;0
AFLT;D;20171221;000000;137.95;139.3;137.1;138.8;4964700;0
AFLT;D;20171222;000000;138.8;140;138.15;138.8;4161400;0
AFLT;D;20171225;000000;139.05;140.45;137.25;138.85;2892100;0
AFLT;D;20171226;000000;138.8;139.8;138.05;139;1973700;0
AFLT;D;20171227;000000;139.65;139.8;138.15;138.5;3471700;0
AFLT;D;20171228;000000;138.55;139.15;137.75;139;2649800;0
AFLT;D;20171229;000000;139.2;140;138.4;138.45;1910300;0
AFLT;D;20180103;000000;139.1;140.95;138.6;140.4;2126700;0
AFLT;D;20180104;000000;140.4;149.35;140.4;148.9;9782700;0
AFLT;D;20180105;000000;149.2;149.5;146.2;147.3;6599600;0
AFLT;D;20180109;000000;147.2;151.8;146.6;150.5;8481100;0
AFLT;D;20180110;000000;150.8;151.8;146;149.3;9191700;0
AFLT;D;20180111;000000;149.55;150.45;147.35;148.3;4309600;0
AFLT;D;20180112;000000;148.3;149.4;144.65;145.6;6164000;0
AFLT;D;20180115;000000;145.6;148.65;145.2;146.6;6186700;0
AFLT;D;20180116;000000;146.6;147.3;140.2;140.75;14647500;0
AFLT;D;20180117;000000;140.3;141.3;138.25;138.45;9677900;0
AFLT;D;20180118;000000;138.35;139.8;136.65;137.2;9498500;0
AFLT;D;20180119;000000;136.9;141.25;135;138.7;11534800;0
AFLT;D;20180122;000000;139.6;140.45;138.5;138.6;5541900;0
AFLT;D;20180123;000000;139;140.2;137.65;138.3;5186900;0
AFLT;D;20180124;000000;138.75;139.4;137.85;138.05;4562700;0
AFLT;D;20180125;000000;138;138.55;137.1;137.1;5254400;0
AFLT;D;20180126;000000;137.05;137.7;133.6;134.2;8641500;0
AFLT;D;20180129;000000;130.6;137.8;130.6;137.6;10258400;0
AFLT;D;20180130;000000;137.35;137.4;133.1;133.2;9358600;0
AFLT;D;20180131;000000;133.3;135.9;132.75;133.3;7774400;0
AFLT;D;20180201;000000;134.05;136.35;133.6;135.35;4500700;0
AFLT;D;20180202;000000;135.1;135.8;132.4;133.5;6780700;0
AFLT;D;20180205;000000;133.05;139;131.85;138.4;13437300;0
AFLT;D;20180206;000000;136;136.4;131.05;135.5;10876700;0
AFLT;D;20180207;000000;136.3;137.75;135.85;136.45;3435800;0
AFLT;D;20180208;000000;136;138;134.75;137.5;5542900;0
AFLT;D;20180209;000000;135.75;140;135.75;139.3;7838800;0
AFLT;D;20180212;000000;139.95;141;138;139;7765600;0
AFLT;D;20180213;000000;139;140.45;138.5;140.3;2995000;0
AFLT;D;20180214;000000;140.4;141.05;136.85;137.7;8643300;0
AFLT;D;20180215;000000;137.8;138.8;136.3;136.85;3236400;0
AFLT;D;20180216;000000;137.2;137.5;136.5;137.3;2784500;0
AFLT;D;20180219;000000;137;138.5;136.7;137.35;2084200;0
AFLT;D;20180220;000000;137.35;138;136.8;138;2218000;0
AFLT;D;20180221;000000;137.95;138.75;137.6;138.75;2219700;0
AFLT;D;20180222;000000;138.75;142;138.2;140.1;9208600;0
AFLT;D;20180226;000000;141.9;143.05;140.2;140.8;4769800;0
AFLT;D;20180227;000000;141.3;141.8;138.8;139.1;4150500;0
AFLT;D;20180228;000000;138.95;141.6;137.1;141.45;5689300;0
AFLT;D;20180301;000000;140.9;152.45;139.7;151.95;30886500;0
AFLT;D;20180302;000000;151.75;154.25;150;152;14512500;0
AFLT;D;20180305;000000;153.5;153.95;148.4;150;7298200;0
AFLT;D;20180306;000000;150.8;151.45;147.85;149.4;5722800;0
AFLT;D;20180307;000000;148.7;152.7;148;152;6586500;0
AFLT;D;20180309;000000;152.7;158;150.55;157.45;8798800;0
AFLT;D;20180312;000000;158;159.65;157.4;158.85;8243400;0
AFLT;D;20180313;000000;158.05;164;157.2;163.7;13079400;0
AFLT;D;20180314;000000;163.45;165.35;159.2;161.6;15275100;0
AFLT;D;20180315;000000;161.6;163.25;159.25;160.15;7271700;0
AFLT;D;20180316;000000;160.2;162.95;158.5;160.5;7794800;0
AFLT;D;20180319;000000;162.6;162.75;159.35;159.35;3979000;0
AFLT;D;20180320;000000;159.4;161.15;158.85;160.15;2451700;0
AFLT;D;20180321;000000;160.85;163.25;159.75;159.75;5777800;0
AFLT;D;20180322;000000;159.95;160.6;155.55;156.5;5136400;0
AFLT;D;20180323;000000;155.5;159.7;151.9;158.35;13160500;0
AFLT;D;20180326;000000;158.05;161.45;155.85;157.25;6998200;0
AFLT;D;20180327;000000;157.2;158.8;153.75;154.25;5284100;0
AFLT;D;20180328;000000;154.25;155.85;152.75;154;3421800;0
AFLT;D;20180329;000000;154.15;155.5;153.65;154.2;2347200;0
AFLT;D;20180330;000000;155.2;155.7;154.55;155.6;1388800;0
AFLT;D;20180402;000000;155.6;157.2;154.75;156.25;2486700;0
AFLT;D;20180403;000000;156.75;156.75;153.7;156.25;2900600;0
AFLT;D;20180404;000000;156.25;156.6;154.95;156.05;1806900;0
AFLT;D;20180405;000000;156.25;158.5;154.1;158.05;3557900;0
AFLT;D;20180406;000000;157.8;158.2;156.25;157.3;2356400;0
AFLT;D;20180409;000000;157.2;157.2;137.55;144;25695500;0
AFLT;D;20180410;000000;143.3;148;140.55;144.8;11812700;0
AFLT;D;20180411;000000;145.35;147.5;140.7;143.5;10242800;0
AFLT;D;20180412;000000;145.5;148.2;144.65;147.05;4060800;0
AFLT;D;20180413;000000;147.3;148.8;142.65;144.85;4671400;0
AFLT;D;20180416;000000;142.45;146.7;141.2;145.4;3108800;0
AFLT;D;20180417;000000;147.15;148.7;146.2;147.3;2944700;0
AFLT;D;20180418;000000;147.65;154.45;147.25;153.55;5013600;0
AFLT;D;20180419;000000;154.55;155.75;149.65;150.95;4121100;0
AFLT;D;20180420;000000;149.95;151.15;148.55;149.4;2714100;0
AFLT;D;20180423;000000;150.05;150.05;146.7;148.5;4346900;0
AFLT;D;20180424;000000;148.5;149.3;146.15;146.6;3605000;0
AFLT;D;20180425;000000;146.1;146.6;143.35;144.45;3619600;0
AFLT;D;20180426;000000;144.45;145.9;143.6;145.6;3491800;0
AFLT;D;20180427;000000;146.75;146.75;144.2;144.3;3266300;0
AFLT;D;20180428;000000;144.3;145.65;144.05;144.85;798400;0
AFLT;D;20180430;000000;145.2;146.25;143.15;144;2997500;0
AFLT;D;20180502;000000;145.2;147.3;144;147.3;3201100;0
AFLT;D;20180503;000000;146.95;147.25;143.5;144.2;5007400;0
AFLT;D;20180504;000000;143.8;143.9;141.25;141.65;6367300;0
AFLT;D;20180507;000000;141.75;142.75;141.4;141.9;2973400;0
AFLT;D;20180508;000000;142;142;140;140.4;3154400;0
AFLT;D;20180510;000000;140.85;141.8;139.05;139.8;8130600;0
AFLT;D;20180511;000000;139.9;140.45;137.05;137.5;8455100;0
AFLT;D;20180514;000000;137.55;137.55;132.05;136.15;9876400;0
AFLT;D;20180515;000000;136.15;139.25;134.6;138;6973900;0
AFLT;D;20180516;000000;137.95;138.45;136.8;137.95;3733000;0
AFLT;D;20180517;000000;138.2;138.55;136.55;137.95;2495800;0
AFLT;D;20180518;000000;137.9;137.9;136.15;136.75;1868200;0
AFLT;D;20180521;000000;136.1;137.75;136.05;136.2;2426500;0
AFLT;D;20180522;000000;136.2;136.85;134.2;135;3745200;0
AFLT;D;20180523;000000;134.8;135.3;132.55;132.55;3699500;0
AFLT;D;20180524;000000;132.6;133;130.65;132.7;3842200;0
AFLT;D;20180525;000000;132.15;133.35;131.3;132.2;3865500;0
AFLT;D;20180528;000000;132.45;133.85;131.3;131.55;3141200;0
AFLT;D;20180529;000000;131.7;132.65;131.1;131.85;3629100;0
AFLT;D;20180530;000000;133.75;139.85;133.7;139.85;20649700;0
AFLT;D;20180531;000000;140;141.5;138.05;140.8;9245800;0
AFLT;D;20180601;000000;139.75;140.7;139.15;139.65;2300700;0
AFLT;D;20180604;000000;139.9;140.35;137.1;137.1;4968400;0
AFLT;D;20180605;000000;137.1;139.45;137.1;139.25;3360400;0
AFLT;D;20180606;000000;139.45;141.5;139.15;141.3;3754300;0
AFLT;D;20180607;000000;141.55;145.8;141.2;145;7174500;0
AFLT;D;20180608;000000;145;145.6;142.65;143.9;5068300;0
AFLT;D;20180609;000000;143.9;144.95;143.8;144.35;422900;0
AFLT;D;20180611;000000;144.35;145.45;141.8;142.7;3124900;0
AFLT;D;20180613;000000;143.05;145.2;143.05;144.05;2454800;0
AFLT;D;20180614;000000;144.05;144.55;143.25;143.55;1783000;0
AFLT;D;20180615;000000;143.65;144.75;139.5;140.5;5508400;0
AFLT;D;20180618;000000;139.75;140.95;139.1;139.65;2328200;0
AFLT;D;20180619;000000;139.6;139.95;136.35;138;5192800;0
AFLT;D;20180620;000000;137.85;141.4;137.85;141;2830500;0
AFLT;D;20180621;000000;141;142.3;139.9;140.55;2716100;0
AFLT;D;20180622;000000;140.55;141.3;139.85;140.55;2232700;0
AFLT;D;20180625;000000;141;143.1;139.6;140.75;4074800;0
AFLT;D;20180626;000000;141.25;141.5;140.6;140.65;1532900;0
AFLT;D;20180627;000000;141.45;141.45;140;141.15;2642300;0
AFLT;D;20180628;000000;141.85;142.3;139.25;139.8;3727400;0
AFLT;D;20180629;000000;140.1;141.3;139.8;139.8;5094500;0
AFLT;D;20180702;000000;140.4;140.65;139.85;140.15;4755600;0
AFLT;D;20180703;000000;140.45;143.25;140;143.05;6692200;0
AFLT;D;20180704;000000;143.2;143.45;138.4;140;14133000;0
AFLT;D;20180705;000000;129;129.2;125.25;129.2;16406400;0
AFLT;D;20180706;000000;128.8;130.85;128.35;129.55;5906600;0
AFLT;D;20180709;000000;129.55;130.4;127.25;128.3;6014100;0
AFLT;D;20180710;000000;128;128.4;126.55;126.55;4074700;0
AFLT;D;20180711;000000;126.75;126.8;124.25;124.3;5050400;0
AFLT;D;20180712;000000;124.85;126.25;123.5;124.8;4509600;0
AFLT;D;20180713;000000;125;125.85;123.1;123.25;5899600;0
AFLT;D;20180716;000000;123.25;124.1;122.6;123;4352400;0
AFLT;D;20180717;000000;123.25;125.15;120.8;124.25;6207200;0
AFLT;D;20180718;000000;124.55;125.3;122.55;123;4487300;0
AFLT;D;20180719;000000;123;123.1;120.3;121;2999900;0
AFLT;D;20180720;000000;121;122.3;120.1;121.45;2824900;0
AFLT;D;20180723;000000;121.6;123.8;121.6;123.8;3535500;0
AFLT;D;20180724;000000;124;124.75;122.15;122.15;2406200;0
AFLT;D;20180725;000000;122;122.25;120.65;121.3;2552900;0
AFLT;D;20180726;000000;121.35;122.85;121.35;122.7;3057500;0
AFLT;D;20180727;000000;122.7;123.5;121.5;122.2;1669100;0
AFLT;D;20180730;000000;122;122.75;121.35;121.7;1853200;0
AFLT;D;20180731;000000;121.9;123;121.35;122.95;2165500;0
AFLT;D;20180801;000000;123;125;121;121;4678900;0
AFLT;D;20180802;000000;120.5;120.6;115.8;116;10320600;0
AFLT;D;20180803;000000;116.2;118.1;113.65;118.1;5795000;0
AFLT;D;20180806;000000;118.45;118.85;113.75;114.3;4266900;0
AFLT;D;20180807;000000;114.6;115.85;113.5;114.25;2204900;0
AFLT;D;20180808;000000;114.25;114.85;111;111.85;4951700;0
AFLT;D;20180809;000000;108;111.65;98.15;109.7;21666100;0
AFLT;D;20180810;000000;109.7;110.25;104.65;105;5778100;0
AFLT;D;20180813;000000;104.5;107.05;103.55;105.75;3675600;0
AFLT;D;20180814;000000;105.95;107.25;105;107.25;2042300;0
AFLT;D;20180815;000000;107.6;115.75;107.15;107.4;14765100;0
AFLT;D;20180816;000000;108.25;110.8;106.3;110.5;5636000;0
AFLT;D;20180817;000000;110.65;111.5;108.1;109;2660100;0
AFLT;D;20180820;000000;109.5;110.4;108.5;108.95;1188900;0
AFLT;D;20180821;000000;109.25;109.5;106.8;108.35;2513000;0
AFLT;D;20180822;000000;108;108.8;107.1;108.6;1623400;0
AFLT;D;20180823;000000;108.35;108.5;105.2;105.65;2715800;0
AFLT;D;20180824;000000;105;106.1;100.65;104.45;4862400;0
AFLT;D;20180827;000000;104.5;106.5;104.25;106.2;1630500;0
AFLT;D;20180828;000000;106.65;107.7;106.1;106.55;1739200;0
AFLT;D;20180829;000000;106.35;111.8;105.5;111.8;3000600;0
AFLT;D;20180830;000000;112.3;119.8;111.75;115.5;17200000;0
AFLT;D;20180831;000000;116;116;112.6;115.5;4642700;0
AFLT;D;20180903;000000;115.45;115.7;113.8;114.55;1189100;0
AFLT;D;20180904;000000;114.7;115.45;111.2;112.75;2793400;0
AFLT;D;20180905;000000;112.75;113;110.55;111.5;2282700;0
AFLT;D;20180906;000000;111.4;111.4;108.1;108.1;2420500;0
AFLT;D;20180907;000000;108.05;109.7;107.55;108.55;1800300;0
AFLT;D;20180910;000000;109.1;109.45;105.65;106.5;2085300;0
AFLT;D;20180911;000000;105.65;106.5;104.55;105.1;2777300;0
AFLT;D;20180912;000000;105.5;108;103.3;107.2;4155200;0
AFLT;D;20180913;000000;107.2;109.5;106.1;107.1;4539900;0
AFLT;D;20180914;000000;107;107.25;104.8;105.75;3443200;0
AFLT;D;20180917;000000;105.75;106.85;105.2;106.05;1676700;0
AFLT;D;20180918;000000;106;109.5;106;109.15;5293400;0
AFLT;D;20180919;000000;109.5;113.5;108.6;111.4;6489300;0
AFLT;D;20180920;000000;111.5;112.55;110.2;111;6687000;0
AFLT;D;20180921;000000;110.95;111;108.25;111;3894700;0
AFLT;D;20180924;000000;110.65;111.3;108.55;108.95;3324000;0
AFLT;D;20180925;000000;108.75;109.35;106.6;106.65;4146800;0
AFLT;D;20180926;000000;106.7;107.5;106;106.7;2706300;0
AFLT;D;20180927;000000;106.9;108.45;106.2;107.05;3439600;0
AFLT;D;20180928;000000;107.6;107.65;105.25;106.55;3217400;0
AFLT;D;20181001;000000;106.55;106.85;105.8;106.2;1532500;0
AFLT;D;20181002;000000;106.25;107.95;105.55;106.4;2310500;0
AFLT;D;20181003;000000;106.4;107.6;106.1;107.1;2022800;0
AFLT;D;20181004;000000;107.1;108.2;106.4;106.4;2396300;0
AFLT;D;20181005;000000;106.35;106.35;103.45;104.65;3228300;0
AFLT;D;20181008;000000;104.6;104.7;101.5;102.65;3266900;0
AFLT;D;20181009;000000;103;103.95;102.05;102.1;2082800;0
AFLT;D;20181010;000000;102;105.05;101.7;102.15;3410600;0
AFLT;D;20181011;000000;101;102.15;100.1;100.9;3565400;0
AFLT;D;20181012;000000;101;104.15;101;102;3201000;0
AFLT;D;20181015;000000;101.9;102.9;100.15;100.15;3408000;0
AFLT;D;20181016;000000;100.2;101.25;98.5;99;4331900;0
AFLT;D;20181017;000000;100.15;100.45;97.65;98;3715400;0
AFLT;D;20181018;000000;97.6;97.85;95.2;96;6686900;0
AFLT;D;20181019;000000;95.9;97.25;94.7;95.5;4039200;0
AFLT;D;20181022;000000;94.9;96.7;91.5;92.4;4346900;0
AFLT;D;20181023;000000;91.15;92.45;89.45;92.3;5686000;0
AFLT;D;20181024;000000;92.65;94;91.8;92.9;4391600;0
AFLT;D;20181025;000000;91.6;93.8;90.65;91.85;3123700;0
AFLT;D;20181026;000000;91.9;92.5;89.95;91.6;3431100;0
AFLT;D;20181029;000000;90.4;94.7;90.4;94.05;5173600;0
AFLT;D;20181030;000000;94.05;98.25;93.7;98.25;7257700;0
AFLT;D;20181031;000000;98.4;99.9;96.5;97.25;7462500;0
AFLT;D;20181101;000000;97.88;98.5;96;96.88;5814700;0
AFLT;D;20181102;000000;97;101.78;95.72;101.78;10681900;0
AFLT;D;20181106;000000;101.6;103.8;100.24;102.4;4511060;0
AFLT;D;20181107;000000;102;102.18;98.88;100.6;6026220;0
AFLT;D;20181108;000000;100.3;100.94;97.62;98.5;5643500;0
AFLT;D;20181109;000000;98.16;98.16;95.14;95.14;5591930;0
AFLT;D;20181112;000000;95.92;98;95.7;96.9;4167490;0
AFLT;D;20181113;000000;97;97.92;95.64;97.4;3519290;0
AFLT;D;20181114;000000;97.96;103.3;97.24;103.3;10868770;0
AFLT;D;20181115;000000;103.3;104.1;101.56;102.74;5802840;0
AFLT;D;20181116;000000;102.8;103.2;100.44;101.2;4466300;0
AFLT;D;20181119;000000;102.1;102.6;98.54;98.72;4022230;0
AFLT;D;20181120;000000;98.5;102.5;98.24;102.2;5583550;0
AFLT;D;20181121;000000;102.2;109.44;102.1;108.8;21252160;0
AFLT;D;20181122;000000;108.82;109.9;106.5;109.9;7595200;0
AFLT;D;20181123;000000;109.9;113.9;109.38;113.74;11719540;0
AFLT;D;20181126;000000;113.4;113.76;108.38;110.9;10131590;0
AFLT;D;20181127;000000;110.22;115.8;110.2;113.28;10305870;0
AFLT;D;20181128;000000;113.02;114.86;111.52;113.6;4349800;0
AFLT;D;20181129;000000;114.02;116.56;113.14;113.14;9606180;0
AFLT;D;20181130;000000;112.56;119.44;112.4;114.4;14211070;0
AFLT;D;20181203;000000;114.38;115;110.04;111.84;9620830;0
AFLT;D;20181204;000000;111.8;111.8;106.7;106.7;10931260;0
AFLT;D;20181205;000000;106.92;109.72;106.92;107.8;6818380;0
AFLT;D;20181206;000000;108.2;109.28;105.5;106.44;5006500;0
AFLT;D;20181207;000000;107.08;108.56;103.7;103.7;7418500;0
AFLT;D;20181210;000000;104.48;105.48;99.66;101.02;10986450;0
AFLT;D;20181211;000000;101.34;103.38;100.66;102.72;4473990;0
AFLT;D;20181212;000000;103;103.3;101.02;101.8;3405510;0
AFLT;D;20181213;000000;102;103.2;101.12;102;3736810;0
AFLT;D;20181214;000000;101.58;102.2;100;102.1;4017540;0
AFLT;D;20181217;000000;102.12;102.44;100.62;101.04;2330740;0
AFLT;D;20181218;000000;100.6;105.4;100.6;101.6;8413060;0
AFLT;D;20181219;000000;102.4;104.5;101.54;102;7491000;0
AFLT;D;20181220;000000;102;103;101;102.02;4633990;0
AFLT;D;20181221;000000;103.28;103.36;101.38;102.2;3439820;0
AFLT;D;20181224;000000;102.2;102.34;101.62;102.1;1750870;0
AFLT;D;20181225;000000;102.1;103;100;100.8;4264840;0
AFLT;D;20181226;000000;100.98;101.92;100.62;101.02;2608090;0
AFLT;D;20181227;000000;102;102.2;100.2;100.5;3478500;0
AFLT;D;20181228;000000;101;101.44;100.4;101;2973630;0
AFLT;D;20181229;000000;101;101.4;100.66;101.18;713100;0
AFLT;D;20190103;000000;101.9;101.9;100.72;101.5;1710190;0
AFLT;D;20190104;000000;101.5;101.68;100.8;101.1;1320990;0
AFLT;D;20190108;000000;101.5;101.84;100.8;101.1;1265180;0
AFLT;D;20190109;000000;101.14;103.18;100.86;102.06;5537730;0
AFLT;D;20190110;000000;102.88;105.14;102.46;105.14;6235350;0
AFLT;D;20190111;000000;105.14;106.5;104.6;104.66;5808220;0
AFLT;D;20190114;000000;104.68;106.96;103.76;106.22;4649660;0
AFLT;D;20190115;000000;106.7;107.2;105.22;106.98;6100840;0
AFLT;D;20190116;000000;106.4;109.26;106.14;108.4;5847190;0
AFLT;D;20190117;000000;108.34;109.84;107.56;109.06;6083470;0
AFLT;D;20190118;000000;109.58;110.3;106.74;107;7870530;0
AFLT;D;20190121;000000;107.08;107.48;105.6;105.8;4701210;0
AFLT;D;20190122;000000;105.8;106.96;105.24;105.24;3021950;0
AFLT;D;20190123;000000;105.24;106.54;105.22;105.4;2956240;0
AFLT;D;20190124;000000;105.78;106.04;104.78;105.38;3444490;0
AFLT;D;20190125;000000;105.78;106.76;104.92;105.7;3185430;0
AFLT;D;20190128;000000;105.9;106.8;105.06;105.8;2579360;0
AFLT;D;20190129;000000;105.76;106.3;105.26;106.1;1942800;0
AFLT;D;20190130;000000;106.1;109.08;106.02;108.6;8415050;0
AFLT;D;20190131;000000;109.08;109.7;107.1;107.92;5842840;0
AFLT;D;20190201;000000;108.06;108.56;105.08;105.22;7739440;0
AFLT;D;20190204;000000;105.68;106.22;102.42;102.44;9699020;0
AFLT;D;20190205;000000;100.3;103.3;100.02;102.26;11882560;0
AFLT;D;20190206;000000;102.8;102.8;101.78;102;4598940;0
AFLT;D;20190207;000000;101.6;102.2;101.12;101.62;3380950;0
AFLT;D;20190208;000000;102.46;102.46;101.52;101.9;2128870;0
AFLT;D;20190211;000000;102;102.48;101.68;101.78;2491040;0
AFLT;D;20190212;000000;102;102.7;101.62;102.7;3969450;0
AFLT;D;20190213;000000;102.12;102.42;100;100.14;6609270;0
AFLT;D;20190214;000000;100;101.86;99.06;101.36;5850800;0
AFLT;D;20190215;000000;101.68;102.32;100.66;101.62;3073200;0
AFLT;D;20190218;000000;101.6;102.48;100.72;100.74;2008780;0
AFLT;D;20190219;000000;100.76;101.24;99.56;100;4945030;0
AFLT;D;20190220;000000;101;101.24;99.72;100.04;4304650;0
AFLT;D;20190221;000000;100.2;100.48;99.76;100;4411660;0
AFLT;D;20190222;000000;100.32;100.32;99.92;100.12;2059800;0
AFLT;D;20190225;000000;100.12;100.38;99.36;100.04;4912110;0
AFLT;D;20190226;000000;100.04;100.22;98.36;98.98;4806690;0
AFLT;D;20190227;000000;99;99.44;95.96;97.7;9696010;0
AFLT;D;20190228;000000;97.42;97.56;95.78;97.1;4360200;0
AFLT;D;20190301;000000;96.54;97.74;96.54;96.76;3499940;0
AFLT;D;20190304;000000;96.6;98.88;96.6;98.36;3927090;0
AFLT;D;20190305;000000;96.4;97;94.5;96.26;7607800;0
AFLT;D;20190306;000000;96.8;98.78;96.28;98.12;7144920;0
AFLT;D;20190307;000000;98.3;99.9;97.3;99.68;6952420;0
AFLT;D;20190311;000000;99.7;102.5;99.24;102.1;10108570;0
AFLT;D;20190312;000000;102.5;102.62;100.12;100.22;3432780;0
AFLT;D;20190313;000000;100.4;100.9;99.4;100.5;3427950;0
AFLT;D;20190314;000000;99.94;101.3;98.2;99.66;5056350;0
AFLT;D;20190315;000000;99.14;100.38;99.04;100.08;3710150;0
AFLT;D;20190318;000000;100.04;100.52;99.12;99.92;3738600;0
AFLT;D;20190319;000000;99.82;100.38;99.24;99.46;1869400;0
AFLT;D;20190320;000000;99.52;99.92;98.2;98.22;4253960;0
AFLT;D;20190321;000000;98.54;98.6;97.16;97.3;4878980;0
AFLT;D;20190322;000000;97.7;97.7;96.58;97.66;3410500;0
AFLT;D;20190325;000000;96.6;98.46;96.26;97;3975030;0
AFLT;D;20190326;000000;97.1;97.56;96.84;97.02;1645190;0
AFLT;D;20190327;000000;97.36;97.4;96.06;96.1;3834880;0
AFLT;D;20190328;000000;96.06;97;95.86;96.7;1422810;0
AFLT;D;20190329;000000;96.88;97.38;96.06;96.3;3472680;0
AFLT;D;20190401;000000;96.68;97.78;96.34;97.78;2353150;0
AFLT;D;20190402;000000;97.5;98.88;97.5;98.36;2684030;0
AFLT;D;20190403;000000;98.9;99.34;97.72;98.5;2870640;0
AFLT;D;20190404;000000;98.04;98.96;97.86;98.36;1033340;0
AFLT;D;20190405;000000;98.98;99.66;97.88;99.54;2704300;0
AFLT;D;20190408;000000;99.8;99.88;98.44;98.58;1455020;0
AFLT;D;20190409;000000;98.58;98.98;96.76;97.24;2899920;0
AFLT;D;20190410;000000;97.24;98.22;96.82;97.32;3069910;0
AFLT;D;20190411;000000;97.36;98.62;97;98.4;2735030;0
AFLT;D;20190412;000000;98.52;98.9;97.34;98.22;2962940;0
AFLT;D;20190415;000000;97.84;98.88;97.7;98.72;2468590;0
AFLT;D;20190416;000000;99;99.4;98.1;99.12;2951870;0
AFLT;D;20190417;000000;99.3;99.38;98.28;98.62;1723610;0
AFLT;D;20190418;000000;98.7;99.1;98;98;1010640;0
AFLT;D;20190419;000000;98.48;98.48;97.5;97.6;719450;0
AFLT;D;20190422;000000;97.84;98.3;97.52;97.6;1415480;0
AFLT;D;20190423;000000;97.74;97.86;96.56;96.8;2774620;0
AFLT;D;20190424;000000;96.8;97.12;96.14;96.32;2192780;0
AFLT;D;20190425;000000;96.5;97.14;96;96.34;2557160;0
AFLT;D;20190426;000000;96.4;97.12;96;97.12;2487010;0
AFLT;D;20190429;000000;96.86;97.5;96.54;96.98;1843500;0
AFLT;D;20190430;000000;96.74;97.3;96.32;96.32;3902950;0
AFLT;D;20190502;000000;96.44;96.86;95.52;96.86;1433820;0
AFLT;D;20190503;000000;96.9;96.98;96.14;96.7;1409820;0
AFLT;D;20190506;000000;93.6;95.56;92.7;94.94;6252540;0
AFLT;D;20190507;000000;95;95.42;94.3;94.5;2556300;0
AFLT;D;20190508;000000;94.5;94.98;94.24;94.24;2476540;0
AFLT;D;20190510;000000;94.3;94.58;92.9;92.9;2497240;0
AFLT;D;20190513;000000;93.5;93.7;91.16;91.28;3442810;0
AFLT;D;20190514;000000;91.22;92.9;91.22;91.6;2676030;0
AFLT;D;20190515;000000;92;92.3;90.08;90.08;3805870;0
AFLT;D;20190516;000000;90.38;92.96;90.12;91.68;5226630;0
AFLT;D;20190517;000000;91.68;92.48;91.02;91.96;2428440;0
AFLT;D;20190520;000000;92.2;92.2;90.84;91.08;2317150;0
AFLT;D;20190521;000000;91.28;91.6;90.32;90.76;2203830;0
AFLT;D;20190522;000000;90.58;91.38;90.2;91;2155550;0
AFLT;D;20190523;000000;91.3;91.48;90.6;90.74;2702960;0
AFLT;D;20190524;000000;90.98;91.72;90.94;91;3343510;0
AFLT;D;20190527;000000;91.2;91.44;90.64;91.2;1457500;0
AFLT;D;20190528;000000;91.2;91.58;90.68;90.68;3019680;0
AFLT;D;20190529;000000;90.5;91.2;89.7;91.12;3249600;0
AFLT;D;20190530;000000;91.12;91.48;90.36;90.42;1291480;0
AFLT;D;20190531;000000;90.5;94.6;90.5;93.8;14350660;0
AFLT;D;20190603;000000;93.4;96.8;93.22;96.8;15744000;0
AFLT;D;20190604;000000;97.04;98.5;95.76;96.34;5721930;0
AFLT;D;20190605;000000;96.4;96.84;94.5;96.1;3489930;0
AFLT;D;20190606;000000;95.98;97.36;95.56;96.02;3743950;0
AFLT;D;20190607;000000;96;96.7;95.24;95.86;2084950;0
AFLT;D;20190610;000000;95.8;96.62;95;95.4;2322510;0
AFLT;D;20190611;000000;95.5;96.86;95.12;95.6;3687660;0
AFLT;D;20190613;000000;95.7;98.4;95.44;98.18;7163650;0
AFLT;D;20190614;000000;98.32;98.8;97.16;97.66;5472880;0
AFLT;D;20190617;000000;97.94;100.82;97.78;100.38;10725410;0
AFLT;D;20190618;000000;100;101.82;99.02;99.3;9208180;0
AFLT;D;20190619;000000;99.32;99.92;98.34;99.26;5089000;0
AFLT;D;20190620;000000;98.88;99.88;97.32;98.9;7583800;0
AFLT;D;20190621;000000;99.2;100.66;98.98;100.04;6978290;0
AFLT;D;20190624;000000;100.2;100.88;99.82;100.24;2414930;0
AFLT;D;20190625;000000;100.18;102.2;99.9;101.3;7631310;0
AFLT;D;20190626;000000;101.3;102.4;101.04;101.52;3172120;0
AFLT;D;20190627;000000;101.54;102.8;101.3;102.32;4540920;0
AFLT;D;20190628;000000;102.34;102.74;101.22;101.76;2765320;0
AFLT;D;20190701;000000;102.12;102.3;100.06;101.46;4893200;0
AFLT;D;20190702;000000;101.06;101.38;100.7;100.9;2962100;0
AFLT;D;20190703;000000;101.48;104.6;101.22;104.6;12478870;0
AFLT;D;20190704;000000;102.52;110.8;102.44;110.6;28317310;0
AFLT;D;20190705;000000;110.94;112.8;108.2;110;14924500;0
AFLT;D;20190708;000000;108.98;110.32;107.54;108.5;5084850;0
AFLT;D;20190709;000000;108;108.76;105.56;106.94;6355120;0
AFLT;D;20190710;000000;106.9;109.84;106.42;108.62;7019120;0
AFLT;D;20190711;000000;109.16;109.48;106.7;107.82;4733330;0
AFLT;D;20190712;000000;107.52;109.8;107;109.08;4809300;0
AFLT;D;20190715;000000;109.5;111.32;108.5;108.5;4487320;0
AFLT;D;20190716;000000;108.7;109.34;107.56;107.7;4093090;0
AFLT;D;20190717;000000;107.6;108.34;106.26;108.2;2950760;0
AFLT;D;20190718;000000;107.96;108.64;107.04;107.54;1443470;0
AFLT;D;20190719;000000;107.86;108.62;107.62;108.02;2045000;0
AFLT;D;20190722;000000;108;108.54;107.6;108.2;1576220;0
AFLT;D;20190723;000000;108.08;108.22;107.36;108.1;3518800;0
AFLT;D;20190724;000000;108.32;109.82;106.54;106.78;4126120;0
AFLT;D;20190725;000000;107.3;108.36;105.68;107.5;3423480;0
AFLT;D;20190726;000000;107.98;108.14;107.2;107.58;1488400;0
AFLT;D;20190729;000000;107.7;108.3;107.22;107.3;988800;0
AFLT;D;20190730;000000;107;107.5;106.6;106.72;1568100;0
AFLT;D;20190731;000000;106.7;108.08;106.7;106.94;3712630;0
AFLT;D;20190801;000000;107.24;109.74;106.32;107.7;3725040;0
AFLT;D;20190802;000000;105.56;107.26;104.5;106.62;4852010;0
AFLT;D;20190805;000000;106.62;106.82;102.6;103.5;4889580;0
AFLT;D;20190806;000000;103.38;106;103.2;104.7;3727590;0
AFLT;D;20190807;000000;104.56;105.82;103.6;105.28;4285790;0
AFLT;D;20190808;000000;105.36;109.08;105.12;108.88;6220580;0
AFLT;D;20190809;000000;109.28;110.36;107.4;108.8;6687270;0
AFLT;D;20190812;000000;109.1;111;109.1;110.5;5033260;0
AFLT;D;20190813;000000;110.3;111.96;110.08;110.36;6385450;0
AFLT;D;20190814;000000;110.6;111.36;110.18;110.86;4705410;0
AFLT;D;20190815;000000;110.98;112.42;110.5;112.3;6050700;0
AFLT;D;20190816;000000;112.3;112.48;108.8;110.4;5243690;0
AFLT;D;20190819;000000;110.98;111.26;108.76;109.4;2674200;0
AFLT;D;20190820;000000;109.48;109.6;108.22;109.24;3469970;0
AFLT;D;20190821;000000;108.6;111.7;108.6;111.3;3821370;0
AFLT;D;20190822;000000;111.4;111.84;102;110;8945990;0
AFLT;D;20190823;000000;110;110.36;108.32;108.56;2898700;0
AFLT;D;20190826;000000;108.5;109.52;107.6;109.38;1977640;0
AFLT;D;20190827;000000;109.3;109.84;108.54;109.02;4410230;0
AFLT;D;20190828;000000;108.86;109.6;108.7;109.4;4162070;0
AFLT;D;20190829;000000;109.5;109.7;108.56;109;3432750;0
AFLT;D;20190830;000000;108.8;110.32;107.72;109.74;8116170;0
AFLT;D;20190902;000000;109.56;109.74;107.8;107.84;4235100;0
AFLT;D;20190903;000000;107.8;108;104.9;106.52;7951500;0
AFLT;D;20190904;000000;106.44;106.76;104.7;106.22;4767060;0
AFLT;D;20190905;000000;105.98;106.3;105.3;105.86;2893430;0
AFLT;D;20190906;000000;105.94;105.94;104.4;104.48;3339430;0
AFLT;D;20190909;000000;104.72;106.58;104.72;106.38;3922110;0
AFLT;D;20190910;000000;106.46;107.24;105.56;105.7;3030270;0
AFLT;D;20190911;000000;105.72;106.7;105.72;106.5;2212680;0
AFLT;D;20190912;000000;106.7;106.8;105.7;106.36;2041920;0
AFLT;D;20190913;000000;106.56;107.32;106.1;106.46;1911640;0
AFLT;D;20190916;000000;106;106.02;102.06;102.06;16981530;0
AFLT;D;20190917;000000;102.02;104.36;101.56;102.6;9981720;0
AFLT;D;20190918;000000;103.32;103.32;102.12;102.5;4094200;0
AFLT;D;20190919;000000;102.64;103.08;101.6;101.9;5432690;0
AFLT;D;20190920;000000;102.1;103;101.66;102.64;3178510;0
AFLT;D;20190923;000000;102.8;102.94;101.66;102.36;2458320;0
AFLT;D;20190924;000000;102.6;103.16;101.7;101.7;2246750;0
AFLT;D;20190925;000000;101.86;102.66;101.24;102;2368500;0
AFLT;D;20190926;000000;102.36;103.32;102.14;102.98;2996370;0
AFLT;D;20190927;000000;102.78;104.26;102.68;103.4;4317540;0
AFLT;D;20190930;000000;103.86;104.1;102.74;103.18;2514390;0
AFLT;D;20191001;000000;103.76;103.96;103.24;103.5;2486060;0
AFLT;D;20191002;000000;103.6;103.88;102.2;102.6;3317280;0
AFLT;D;20191003;000000;102.24;102.6;100.14;100.34;4002680;0
AFLT;D;20191004;000000;100.98;101.42;99.2;99.3;3442290;0
AFLT;D;20191007;000000;99.66;100.22;98.08;99.26;3864270;0
AFLT;D;20191008;000000;99.3;100.68;99.12;99.5;2359250;0
AFLT;D;20191009;000000;99.62;101.52;99.34;100.02;3870110;0
AFLT;D;20191010;000000;100.3;101.32;99.82;101.26;1591950;0
AFLT;D;20191011;000000;101.58;101.86;100;100.18;1734220;0
AFLT;D;20191014;000000;100.4;103.38;98.46;102.8;8652660;0
AFLT;D;20191015;000000;102.8;104.1;101.84;103.2;5107670;0
AFLT;D;20191016;000000;103.34;104.7;102.78;104.34;5414550;0
AFLT;D;20191017;000000;104.5;106.1;104.02;105.88;5293630;0
AFLT;D;20191018;000000;105.5;106.02;104.18;104.8;4701500;0
AFLT;D;20191021;000000;104.98;105.4;104.28;104.8;2395570;0
AFLT;D;20191022;000000;104.6;105.08;103.3;103.5;4845070;0
AFLT;D;20191023;000000;103.46;104.68;103.2;103.5;3790650;0
AFLT;D;20191024;000000;103.7;104.58;102.72;103;3577330;0
AFLT;D;20191025;000000;103.3;103.5;102.34;102.8;2269920;0
AFLT;D;20191028;000000;103.02;103.48;102.46;103;3192520;0
AFLT;D;20191029;000000;103.06;105.3;103.04;104.5;5263610;0
AFLT;D;20191030;000000;104.6;105.94;104.34;105.8;3975160;0
AFLT;D;20191031;000000;105.76;107.94;105.7;106.9;7486430;0
AFLT;D;20191101;000000;107.1;107.26;104.66;105.26;6917030;0
AFLT;D;20191105;000000;106;107.34;104.8;106.04;4019060;0
AFLT;D;20191106;000000;106.64;106.88;105.68;106.22;2434580;0
AFLT;D;20191107;000000;106.22;107.26;106.1;106.34;2976880;0
AFLT;D;20191108;000000;106.34;106.8;105.32;106.16;2327200;0
AFLT;D;20191111;000000;106.12;106.72;103.84;104.58;3903610;0
AFLT;D;20191112;000000;104.28;105.2;103.8;104.34;3547490;0
AFLT;D;20191113;000000;104.18;105.36;103.6;104;2667260;0
AFLT;D;20191114;000000;104.6;105.38;104.14;105.28;3149810;0
AFLT;D;20191115;000000;105.32;106.22;104.54;105.4;2463560;0
AFLT;D;20191118;000000;105.4;106.8;105.4;106.8;2828280;0
AFLT;D;20191119;000000;106.76;107;105.72;106.1;1957180;0
AFLT;D;20191120;000000;104.94;105.36;103.64;104.2;4832820;0
AFLT;D;20191121;000000;104.18;104.86;104;104.46;1313800;0
AFLT;D;20191122;000000;104.46;105.48;104.4;104.66;1775820;0
AFLT;D;20191125;000000;105.1;105.78;104.88;105.5;2015170;0
AFLT;D;20191126;000000;105.54;106.36;105.28;105.28;3955510;0
AFLT;D;20191127;000000;105.52;105.96;105.2;105.42;1827830;0
AFLT;D;20191128;000000;105.6;106.06;104.56;104.56;2049120;0
AFLT;D;20191129;000000;104.5;105.58;102.6;102.84;6645560;0
AFLT;D;20191202;000000;103;104.24;101.74;102.24;7032780;0
AFLT;D;20191203;000000;102.28;102.4;100.48;100.7;4704750;0
AFLT;D;20191204;000000;101;101.44;99.76;101.2;5457130;0
AFLT;D;20191205;000000;101.18;102.42;101.18;102.18;1728720;0
AFLT;D;20191206;000000;102.36;102.66;101.7;102.2;1047020;0
AFLT;D;20191209;000000;102.32;103.2;101.88;103.08;1774270;0
AFLT;D;20191210;000000;102.7;103.14;101.2;102.02;2851860;0
AFLT;D;20191211;000000;102.2;104.04;101.92;103.94;7581010;0
AFLT;D;20191212;000000;104.04;105.86;104.04;105.1;10698580;0
AFLT;D;20191213;000000;105.46;105.7;104.24;104.98;4140800;0
AFLT;D;20191216;000000;105.1;105.44;104.42;105.1;5412750;0
AFLT;D;20191217;000000;104.96;106.02;104.9;105.76;5639460;0
AFLT;D;20191218;000000;105.5;105.84;104.8;105;3826930;0
AFLT;D;20191219;000000;105.4;105.4;104.04;104.48;4166790;0
AFLT;D;20191220;000000;104.4;104.84;103.2;103.7;3720130;0
AFLT;D;20191223;000000;103.74;104.24;103.52;104.08;3308980;0
AFLT;D;20191224;000000;104.1;104.2;103.04;103.08;3270220;0
AFLT;D;20191225;000000;103.1;103.48;102.8;103.34;1820330;0
AFLT;D;20191226;000000;102.9;104.08;102.9;103.94;1567340;0
AFLT;D;20191227;000000;103.88;104.36;103.42;103.78;3069750;0
AFLT;D;20191230;000000;103.78;104.18;103.5;103.5;1920070;0
AFLT;D;20200103;000000;103.32;103.9;103.12;103.34;2502890;0
AFLT;D;20200106;000000;103.22;103.8;103;103.52;1905060;0
AFLT;D;20200108;000000;103.02;103.68;102.42;102.88;3041540;0
AFLT;D;20200109;000000;103.2;105.18;103.14;104.5;6643990;0
AFLT;D;20200110;000000;104.82;105.88;104.22;105.04;5788320;0
AFLT;D;20200113;000000;105.5;105.78;105.1;105.3;3994660;0
AFLT;D;20200114;000000;105.6;110.2;105.36;108.5;20367160;0
AFLT;D;20200115;000000;108.6;111.78;108.5;110.7;16543520;0
AFLT;D;20200116;000000;111.02;112;109.82;109.86;6836700;0
AFLT;D;20200117;000000;109.86;111.34;109.32;110.74;5104780;0
AFLT;D;20200120;000000;110.9;115.58;110.68;115;17640010;0
AFLT;D;20200121;000000;115;115.16;113.26;113.9;7042690;0
AFLT;D;20200122;000000;114.28;115.38;112.54;114.58;11003340;0
AFLT;D;20200123;000000;114.2;117.2;112.66;115.5;14840580;0
AFLT;D;20200124;000000;116;116.26;114.7;114.82;6761550;0
AFLT;D;20200127;000000;112.9;112.9;108.3;110.7;25643150;0
AFLT;D;20200128;000000;110.8;110.8;107.02;108.8;15650950;0
AFLT;D;20200129;000000;109.28;109.68;107.74;108;14599020;0
AFLT;D;20200130;000000;107.02;109.4;105.74;107.8;16809490;0
AFLT;D;20200131;000000;108.52;108.8;107.04;107.4;7155060;0
AFLT;D;20200203;000000;106.96;109.9;106.46;109.3;9854340;0
AFLT;D;20200204;000000;110.28;113.34;109.78;111.94;18792540;0
AFLT;D;20200205;000000;112.5;118.28;112.22;117.46;28124630;0
AFLT;D;20200206;000000;118.08;120.8;117.66;118.98;18836770;0
AFLT;D;20200207;000000;119;119.8;117;119.62;8335470;0
AFLT;D;20200210;000000;119.7;121;117.26;118.3;12871950;0
AFLT;D;20200211;000000;118.44;119.48;116.16;117.38;10070250;0
AFLT;D;20200212;000000;117.78;119.82;117.32;119.52;5956340;0
AFLT;D;20200213;000000;119.1;121.64;118.4;119.5;9718160;0
AFLT;D;20200214;000000;119.7;119.86;118.14;119.4;3597820;0
AFLT;D;20200217;000000;119.7;120.4;119.5;120.3;3476980;0
AFLT;D;20200218;000000;120.1;120.1;116.52;117.7;6830990;0
AFLT;D;20200219;000000;117.52;119.2;116.76;117.4;6071510;0
AFLT;D;20200220;000000;118.02;118.4;115.4;115.96;6317060;0
AFLT;D;20200221;000000;115.7;116.48;114.3;115.86;4668520;0
AFLT;D;20200225;000000;112.5;113.86;109.5;109.8;17019110;0
AFLT;D;20200226;000000;109;109;104.58;108.22;18743020;0
AFLT;D;20200227;000000;106.7;107.04;100.14;100.24;29743790;0
AFLT;D;20200228;000000;97.66;98.22;90.1;92.94;43955500;0
AFLT;D;20200302;000000;95.46;99.7;91.32;93.18;40651610;0
AFLT;D;20200303;000000;95.98;96.5;92.76;93.84;22648720;0
AFLT;D;20200304;000000;93.5;93.58;91.32;92.6;13790960;0
AFLT;D;20200305;000000;93;93.64;88.52;89.54;23905010;0
AFLT;D;20200306;000000;86;87.26;83.04;85.08;38353380;0
AFLT;D;20200310;000000;77;84.94;75.02;80.2;36514230;0
AFLT;D;20200311;000000;80.22;81.78;76.8;77.82;25814790;0
AFLT;D;20200312;000000;72;75;67.76;71.08;41626520;0
AFLT;D;20200313;000000;69.66;76.18;69;73.96;31535760;0
AFLT;D;20200316;000000;71.5;71.5;65;68.68;41143550;0
AFLT;D;20200317;000000;67.02;69.78;62.7;64.58;44751510;0
AFLT;D;20200318;000000;63.28;63.28;56.52;56.7;64432890;0
AFLT;D;20200319;000000;55.84;59.84;51.02;58.62;66723490;0
AFLT;D;20200320;000000;59.9;69.46;59.9;64.32;97557050;0
AFLT;D;20200323;000000;60.04;66.2;58;62.7;63992600;0
AFLT;D;20200324;000000;66;69.22;65.04;68.42;45557370;0
AFLT;D;20200325;000000;71.1;78.56;66;72.68;127368180;0
AFLT;D;20200326;000000;71.24;72.56;67.62;70.6;48053640;0
AFLT;D;20200327;000000;71;72;65.8;66.78;45120870;0
AFLT;D;20200330;000000;65.68;66.7;62.88;65.48;35347770;0
AFLT;D;20200331;000000;66.04;69.2;66.04;68.38;41343120;0
AFLT;D;20200401;000000;67;68.3;66.5;68;20774970;0
AFLT;D;20200402;000000;69.56;71.4;66.16;68.8;32450110;0
AFLT;D;20200403;000000;68.6;70.68;68.04;69.86;26220510;0
AFLT;D;20200406;000000;70.28;73.36;69.06;72.72;32665120;0
AFLT;D;20200407;000000;74.44;77.9;74.16;75.82;52842350;0
AFLT;D;20200408;000000;75.06;77;74.84;77;23474680;0
AFLT;D;20200409;000000;77.72;79.58;77.32;78.48;28958410;0
AFLT;D;20200410;000000;78;78.84;76.82;78.8;10966050;0
AFLT;D;20200413;000000;78.8;79.5;75.26;76.5;20949140;0
AFLT;D;20200414;000000;76.74;77.5;75.08;75.36;16237850;0
AFLT;D;20200415;000000;75.04;75.12;71.72;72.1;36217420;0
AFLT;D;20200416;000000;72.44;74.44;70.7;73.42;23389620;0
AFLT;D;20200417;000000;74.94;75.48;72.52;74.2;17887210;0
AFLT;D;20200420;000000;74.18;74.3;72.82;73.28;10511170;0
AFLT;D;20200421;000000;72.02;74.44;71.4;73.94;17949080;0
AFLT;D;20200422;000000;73.9;75.96;73.36;75.12;15081930;0
AFLT;D;20200423;000000;75.5;76.52;74.34;75;14252860;0
AFLT;D;20200424;000000;74.96;74.98;73.2;73.62;11078960;0
AFLT;D;20200427;000000;74;74.8;73.8;74.38;6135420;0
AFLT;D;20200428;000000;74.5;75.9;74.1;75.44;11172210;0
AFLT;D;20200429;000000;75.7;76.88;75.32;76.5;14049070;0
AFLT;D;20200430;000000;76.8;77.86;74.42;75.76;19867740;0
AFLT;D;20200504;000000;75;75;73.2;74.4;10390310;0
AFLT;D;20200505;000000;75;75.88;74.52;75.7;6368670;0
AFLT;D;20200506;000000;75.9;76.24;75.02;75.3;5599480;0
AFLT;D;20200507;000000;75.48;75.98;73.6;74.1;15265600;0
AFLT;D;20200508;000000;74.78;74.78;72.3;72.88;15399450;0
AFLT;D;20200512;000000;73;73.42;71.9;72.32;12160070;0
AFLT;D;20200513;000000;72.4;73.36;71.4;72;14662790;0
AFLT;D;20200514;000000;71.9;72.9;71.66;72.16;9235010;0
AFLT;D;20200515;000000;72.32;72.8;70.7;70.94;15508390;0
AFLT;D;20200518;000000;71.82;71.9;70.04;71.56;19618880;0
AFLT;D;20200519;000000;72;73.2;71.78;72.62;16191130;0
AFLT;D;20200520;000000;72.84;73.48;72.2;73.02;14209360;0
AFLT;D;20200521;000000;73.28;74;72.14;72.68;14361120;0
AFLT;D;20200522;000000;72.18;73.1;70.9;73;11964990;0
AFLT;D;20200525;000000;73.38;73.9;72.72;73.6;11739850;0
AFLT;D;20200526;000000;74;75.24;73.72;74.46;19779520;0
AFLT;D;20200527;000000;74.46;79.7;74.16;77.9;57844870;0
AFLT;D;20200528;000000;78.58;79.7;77.86;79.2;25038330;0
AFLT;D;20200529;000000;79.1;79.54;76.88;78.06;21170340;0
AFLT;D;20200601;000000;78.42;82.7;78.42;81.88;37141390;0
AFLT;D;20200602;000000;82.66;85;81.9;84.4;39049070;0
AFLT;D;20200603;000000;85.04;87.6;84.7;86.6;37456610;0
AFLT;D;20200604;000000;86.6;89;85.1;85.96;33200270;0
AFLT;D;20200605;000000;86.5;89.88;85.64;89.8;35262180;0
AFLT;D;20200608;000000;90.54;95.7;90.16;95.7;74031460;0
AFLT;D;20200609;000000;96.72;97.74;91.58;92.4;60058770;0
AFLT;D;20200610;000000;92.62;93.98;87.58;89.28;58575580;0
AFLT;D;20200611;000000;87.94;88.84;85.24;87.7;35197190;0
AFLT;D;20200615;000000;85.5;88.24;83.62;87.64;29667020;0
AFLT;D;20200616;000000;89;90.86;88.7;89.6;26596550;0
AFLT;D;20200617;000000;90.26;90.34;84.68;85;30282410;0
AFLT;D;20200618;000000;82.88;84.14;80.34;81;64710490;0
AFLT;D;20200619;000000;81.5;83.2;81.16;81.7;29755530;0
AFLT;D;20200622;000000;81.72;83.98;80.26;82.1;18502950;0
AFLT;D;20200623;000000;82.04;82.48;80.4;81.2;16848930;0
AFLT;D;20200625;000000;79.78;80.8;78.22;80.58;21559860;0
AFLT;D;20200626;000000;80.5;81.44;78.76;79.38;14677280;0
AFLT;D;20200629;000000;79;83;77.44;82.9;37790740;0
AFLT;D;20200630;000000;82.82;83.62;80.98;82.34;23644570;0
AFLT;D;20200702;000000;82.36;84.22;81.4;81.62;18886540;0
AFLT;D;20200703;000000;80.9;81.38;79.56;80.98;19891100;0
AFLT;D;20200706;000000;81.36;82.64;80.5;81.24;18364020;0
AFLT;D;20200707;000000;81;81.42;80.12;80.28;9040480;0
AFLT;D;20200708;000000;80.36;81.38;80.12;80.9;7488770;0
AFLT;D;20200709;000000;80.9;82;80.4;80.88;12812560;0
AFLT;D;20200710;000000;80.5;81.76;80.22;81.56;8775490;0
AFLT;D;20200713;000000;81.62;82.7;80.44;80.84;9541400;0
AFLT;D;20200714;000000;81;81.68;79.64;81.66;13644770;0
AFLT;D;20200715;000000;81.8;83.3;81.26;83.3;15488180;0
AFLT;D;20200716;000000;82.44;83.32;82.08;82.3;7861100;0
AFLT;D;20200717;000000;82.08;83.34;82.08;83.2;7654660;0
AFLT;D;20200720;000000;83.26;84.96;82.6;84.44;13001500;0
AFLT;D;20200721;000000;85.2;87.94;84.88;87.56;26373090;0
AFLT;D;20200722;000000;88;88.78;85.2;86.08;19342010;0
AFLT;D;20200723;000000;86.12;86.92;84.7;85.14;9780430;0
AFLT;D;20200724;000000;85.44;89.4;84.28;88.36;32634200;0
AFLT;D;20200727;000000;88.64;89.5;86.44;87.64;15966860;0
AFLT;D;20200728;000000;87.3;87.66;82.86;83.74;45788720;0
AFLT;D;20200729;000000;83.46;84.36;82.1;83.5;16425960;0
AFLT;D;20200730;000000;83.68;83.8;81.7;82.54;17010730;0
AFLT;D;20200731;000000;82.54;83.54;82.18;83.2;11813360;0
AFLT;D;20200803;000000;83.2;84.28;83.18;83.86;11802430;0
AFLT;D;20200804;000000;83.72;84.08;81.72;82.08;20185530;0
AFLT;D;20200805;000000;82.08;82.72;80.52;81.96;21515500;0
AFLT;D;20200806;000000;80;83.12;78.22;82.06;34549820;0
AFLT;D;20200807;000000;81.8;82.18;81.38;81.48;13322540;0
AFLT;D;20200810;000000;81.6;83.2;81.56;83;16506520;0
AFLT;D;20200811;000000;83.2;83.8;82.7;83.22;13546560;0
AFLT;D;20200812;000000;83.58;89.18;83.12;85.82;68586070;0
AFLT;D;20200813;000000;85.5;88;85.48;86.26;20758990;0
AFLT;D;20200814;000000;86.12;86.9;85.14;86.1;8173950;0
AFLT;D;20200817;000000;86.22;86.6;84.4;84.96;5773050;0
AFLT;D;20200818;000000;85.06;85.14;83.12;83.44;9721850;0
AFLT;D;20200819;000000;83.56;83.92;82.46;83.5;6179910;0
AFLT;D;20200820;000000;83.48;83.84;82.8;83.26;4888610;0
AFLT;D;20200821;000000;83.22;83.88;82.6;83.12;4429020;0
AFLT;D;20200824;000000;83.94;84.36;83.46;84.12;4703810;0
AFLT;D;20200825;000000;84.18;91.18;81.82;83;6381500;0
AFLT;D;20200826;000000;83.04;83.94;82.86;83.38;5850490;0
AFLT;D;20200827;000000;83.38;83.4;82.38;82.86;4215460;0
AFLT;D;20200828;000000;83.02;83.08;81.9;82.24;4433850;0
AFLT;D;20200831;000000;82.62;82.88;80;81.02;10981170;0
AFLT;D;20200901;000000;80.84;82.4;80.24;82.14;7722520;0
AFLT;D;20200902;000000;82.02;82.6;80.88;81.4;5070520;0
AFLT;D;20200903;000000;81.5;82.5;80.78;80.86;7595140;0
AFLT;D;20200904;000000;81.28;82.32;80.6;81.8;4100330;0
AFLT;D;20200907;000000;81.8;82.32;81.32;81.96;1877530;0
AFLT;D;20200908;000000;81.94;82.26;80.68;81.26;5291780;0
AFLT;D;20200909;000000;81.14;82.2;80.96;81.98;4074520;0
AFLT;D;20200910;000000;82.1;82.12;81.16;81.66;3610250;0
AFLT;D;20200911;000000;81.54;82.8;81.4;81.72;4502250;0
AFLT;D;20200914;000000;82;82.5;80.7;82.04;9390560;0
AFLT;D;20200915;000000;82.22;82.44;81.78;82.38;4398780;0
AFLT;D;20200916;000000;82.14;83.76;82.14;82.66;6288190;0
AFLT;D;20200917;000000;82.32;83.08;82.02;82.2;5201490;0
AFLT;D;20200918;000000;82.4;82.4;81.2;81.78;6229840;0
AFLT;D;20200921;000000;80.98;81;77.58;79.3;12191710;0
AFLT;D;20200922;000000;79.12;79.3;76.86;77.8;8685540;0
AFLT;D;20200923;000000;77.66;77.88;76.48;77.12;6990570;0
AFLT;D;20200924;000000;77.46;77.46;75.54;75.7;8808390;0
AFLT;D;20200925;000000;76;76.46;73.1;74.18;12531080;0
AFLT;D;20200928;000000;74.2;76.38;73.24;75.78;9023570;0
AFLT;D;20200929;000000;76.44;76.44;73.58;74.42;9714570;0
AFLT;D;20200930;000000;74.12;74.7;73.7;74.12;5019530;0
AFLT;D;20201001;000000;74.36;74.36;70.5;71.16;13251380;0
AFLT;D;20201002;000000;70;71.64;68;69;23375230;0
AFLT;D;20201005;000000;69;69.2;65;65.74;36467180;0
AFLT;D;20201006;000000;65.66;69.14;65.02;67.56;36129200;0
AFLT;D;20201007;000000;67.7;68.3;64.72;65.86;27545600;0
AFLT;D;20201008;000000;64;64.92;61.8;62.72;49538490;0
AFLT;D;20201009;000000;60.66;61.5;59;60.26;111134380;0
AFLT;D;20201012;000000;60.92;60.94;59.4;59.66;38494240;0
AFLT;D;20201013;000000;59.5;59.8;57.66;57.68;51910160;0
AFLT;D;20201014;000000;57.8;59.34;57.12;59.06;40161570;0
AFLT;D;20201015;000000;59.2;59.6;57.16;57.98;31929580;0
AFLT;D;20201016;000000;58.14;59.14;57.66;58.2;25915430;0
AFLT;D;20201019;000000;58.2;58.88;57.9;58.56;15591320;0
AFLT;D;20201020;000000;58.56;58.7;57.48;58.4;23811750;0
AFLT;D;20201021;000000;58.14;58.86;58;58.42;11707670;0
AFLT;D;20201022;000000;58.4;59.62;58.26;59.6;24077390;0
AFLT;D;20201023;000000;59.48;60.58;59.48;59.82;20266090;0
AFLT;D;20201026;000000;59.72;60.3;58.04;58.44;22442500;0
AFLT;D;20201027;000000;58.6;58.66;57.1;57.58;23108070;0
AFLT;D;20201028;000000;57.46;57.7;55.02;55.08;41765560;0
AFLT;D;20201029;000000;55.16;57.44;54.5;56.72;26536450;0
AFLT;D;20201030;000000;55.9;57.88;55.3;57.3;37367270;0
AFLT;D;20201102;000000;57.24;57.26;55.1;56.48;23443560;0
AFLT;D;20201103;000000;56.92;58.7;56.54;58;26689320;0
AFLT;D;20201105;000000;58.68;60.1;58.06;58.94;33945380;0
AFLT;D;20201106;000000;59;59.86;58.4;59.66;20941110;0
AFLT;D;20201109;000000;60;68.1;58.8;65.12;157878300;0
AFLT;D;20201110;000000;64.94;66.2;63.72;65.34;55222530;0
AFLT;D;20201111;000000;65.36;67.78;65.34;66.94;52785630;0
AFLT;D;20201112;000000;66.48;66.8;64.8;64.96;29441040;0
AFLT;D;20201113;000000;65.4;67.3;64.36;67.3;42241300;0
AFLT;D;20201116;000000;67.7;70.2;67.7;69.44;63371930;0
AFLT;D;20201117;000000;69.68;70.04;66.34;67.5;44576440;0
AFLT;D;20201118;000000;67.3;69.8;66.94;68.08;45368790;0
AFLT;D;20201119;000000;68.36;69.22;67.1;68.54;28950640;0
AFLT;D;20201120;000000;68.2;69.22;68.02;68.98;14724470;0
AFLT;D;20201123;000000;69;70.1;68.82;69.48;23031280;0
AFLT;D;20201124;000000;69.72;72.62;69.36;72.62;56199360;0
AFLT;D;20201125;000000;72.74;74.98;70.76;72.18;67317020;0
AFLT;D;20201126;000000;72.26;73.08;70.32;71.24;33621190;0
AFLT;D;20201127;000000;71.14;72.28;70.4;72;23085080;0
AFLT;D;20201130;000000;71.6;72.62;70.7;71.66;24769580;0
AFLT;D;20201201;000000;72.1;72.42;71.46;72.18;18647290;0
AFLT;D;20201202;000000;72;72.5;71.7;72.5;15801710;0
AFLT;D;20201203;000000;72.28;74.32;72.24;74;34266650;0
AFLT;D;20201204;000000;74.2;75.48;73.34;74.14;36948050;0
AFLT;D;20201207;000000;74.22;75.12;73.6;74;25689540;0
AFLT;D;20201208;000000;74;74;71.36;72.7;28608330;0
AFLT;D;20201209;000000;72.96;73.26;71.52;72;20086090;0
AFLT;D;20201210;000000;71.98;72.4;71.1;72.18;19649570;0
AFLT;D;20201211;000000;71.96;73.08;71.1;71.76;22949290;0
AFLT;D;20201214;000000;71.88;72.24;69.54;71.08;28661340;0
AFLT;D;20201215;000000;70.8;71.1;69.6;70.24;18541630;0
AFLT;D;20201216;000000;70.1;71.48;69.76;71.46;18406370;0
AFLT;D;20201217;000000;71.5;72.2;70.6;71.1;23210170;0
AFLT;D;20201218;000000;71;72.38;70.74;71.4;36988650;0
AFLT;D;20201221;000000;70.82;70.9;66.54;68.76;55398500;0
AFLT;D;20201222;000000;67.98;69.7;67.5;68.74;21158790;0
AFLT;D;20201223;000000;68.62;69.88;68.32;69.42;11656920;0
AFLT;D;20201224;000000;69.5;69.66;68.72;68.98;9188070;0
AFLT;D;20201225;000000;69.34;69.34;68.68;69.14;5475150;0
AFLT;D;20201228;000000;69.24;70.26;69.12;69.62;10948870;0
AFLT;D;20201229;000000;69.84;71.64;69.5;70.62;21641070;0
AFLT;D;20201230;000000;70.76;71.98;70.66;71.44;18660010;0
AFLT;D;20210104;000000;71.76;73.1;71.6;72.06;17724460;0
AFLT;D;20210105;000000;72;72.86;71.8;72.74;13120660;0
AFLT;D;20210106;000000;72.88;73.78;72.62;72.96;18478850;0
AFLT;D;20210108;000000;73.3;73.82;73;73.58;16300610;0
AFLT;D;20210111;000000;73.38;74.56;72.68;74.08;26110910;0
AFLT;D;20210112;000000;73.94;74.54;73.12;74.18;16566970;0
AFLT;D;20210113;000000;74.12;74.38;72.92;73.5;13254180;0
AFLT;D;20210114;000000;73.4;73.76;72.74;73.16;14637730;0
AFLT;D;20210115;000000;73;73.6;72.08;72.3;14506000;0
AFLT;D;20210118;000000;72.5;73;72.22;72.78;10102260;0
AFLT;D;20210119;000000;72.96;74.3;72.68;73.72;24378410;0
AFLT;D;20210120;000000;73.68;74.28;73.3;73.72;12754380;0
AFLT;D;20210121;000000;73.84;73.98;72.24;72.5;13268930;0
AFLT;D;20210122;000000;72.46;72.74;71.12;71.84;17731400;0
AFLT;D;20210125;000000;72.18;72.46;70.2;71.14;26563250;0
AFLT;D;20210126;000000;70.9;71.1;70.22;70.76;14965810;0
AFLT;D;20210127;000000;70.76;71.16;69.72;69.88;20642700;0
AFLT;D;20210128;000000;69.7;71.1;69.12;71;40636230;0
AFLT;D;20210129;000000;71;71.1;69.72;69.88;16064170;0
AFLT;D;20210201;000000;70.28;70.56;69.38;70.34;10880520;0
AFLT;D;20210202;000000;70.46;71.04;69.74;70.14;13370970;0
AFLT;D;20210203;000000;70.62;70.92;70.16;70.68;12141870;0
AFLT;D;20210204;000000;70.7;71.08;70.3;70.56;9551450;0
AFLT;D;20210205;000000;70.7;71.08;70.38;70.82;11157190;0
AFLT;D;20210208;000000;71.02;71.46;70.62;71.08;19635580;0
AFLT;D;20210209;000000;71.12;71.28;70;70.34;20396740;0
AFLT;D;20210210;000000;70.38;70.6;68.3;69.18;30236780;0
AFLT;D;20210211;000000;69.02;69.46;68.64;68.86;11670370;0
AFLT;D;20210212;000000;68.94;69.4;68.04;69.28;15544110;0
AFLT;D;20210215;000000;69.48;69.8;68.82;69.62;16695320;0
AFLT;D;20210216;000000;69.78;69.78;68.82;69.5;18100690;0
AFLT;D;20210217;000000;69.24;69.68;68.96;69.18;20701540;0
AFLT;D;20210218;000000;69.3;69.4;68.64;68.8;14477690;0
AFLT;D;20210219;000000;68.72;69.16;68.66;69.02;15412250;0
AFLT;D;20210220;000000;69.04;69.28;69;69.14;2857660;0
AFLT;D;20210222;000000;69.02;69.54;68.94;69.2;10678660;0
AFLT;D;20210224;000000;69.12;71.06;68.8;70.3;27793010;0
AFLT;D;20210225;000000;70.38;70.74;69.44;69.44;13431680;0
AFLT;D;20210226;000000;69.4;70.14;68.9;69.66;12189210;0
AFLT;D;20210301;000000;69.9;70.4;69.52;69.92;11153680;0
AFLT;D;20210302;000000;69.84;71.1;69.78;71.1;19930570;0
AFLT;D;20210303;000000;71.2;71.7;70.1;70.6;20993850;0
AFLT;D;20210304;000000;70.6;70.8;69.2;69.44;14615550;0
AFLT;D;20210305;000000;69.5;69.84;68.72;69.28;17474430;0
AFLT;D;20210309;000000;69.58;69.9;69.06;69.66;14128460;0
AFLT;D;20210310;000000;69.48;70.28;69.4;69.86;13142030;0
AFLT;D;20210311;000000;70.1;70.12;69.4;70;13586320;0
AFLT;D;20210312;000000;69.9;70.1;69.4;69.86;11692120;0
AFLT;D;20210315;000000;70.14;71.06;69.84;70.82;20166250;0
AFLT;D;20210316;000000;70.96;71.54;70.02;70.5;19543350;0
AFLT;D;20210317;000000;70.48;70.72;69.28;70.02;17105840;0
AFLT;D;20210318;000000;69.92;70.12;68.14;69.18;13331820;0
AFLT;D;20210319;000000;69.48;70.1;69.06;69.8;11709760;0
AFLT;D;20210322;000000;69.8;70;69;69.26;9774460;0
AFLT;D;20210323;000000;69.32;69.32;67.2;67.72;27352000;0
AFLT;D;20210324;000000;67.72;68;65.4;65.9;35825540;0
AFLT;D;20210325;000000;65.94;66.66;65.2;66.14;19855330;0
AFLT;D;20210326;000000;66.46;68.38;66.32;68;22063870;0
AFLT;D;20210329;000000;67.9;68.28;67.2;67.46;14267160;0
AFLT;D;20210330;000000;67.64;67.8;66.3;66.84;17049880;0
AFLT;D;20210331;000000;66.84;67.7;66.64;67.44;13878200;0
AFLT;D;20210401;000000;67.56;67.8;66.7;67.16;14927900;0
AFLT;D;20210402;000000;67.32;67.5;67.06;67.5;6501460;0
AFLT;D;20210405;000000;67.34;67.78;67;67.32;9152720;0
AFLT;D;20210406;000000;67.3;67.54;66.56;66.88;9184980;0
AFLT;D;20210407;000000;66.94;67.32;66.38;67.02;7602420;0
AFLT;D;20210408;000000;67.12;67.22;66.4;66.8;10257330;0
AFLT;D;20210409;000000;66.94;66.94;66.12;66.28;8953820;0
AFLT;D;20210412;000000;66.28;67.2;66.02;66.52;10521450;0
AFLT;D;20210413;000000;66.5;66.54;65.28;65.76;17081660;0
AFLT;D;20210414;000000;65.42;66.16;65.26;65.8;17403270;0
AFLT;D;20210415;000000;65.52;65.88;65;65.62;23448300;0
AFLT;D;20210416;000000;65.54;66.94;65.4;66.48;19582750;0
AFLT;D;20210419;000000;66.3;66.5;65.34;65.48;15396340;0
AFLT;D;20210420;000000;65.58;65.68;64;64.48;35557220;0
AFLT;D;20210421;000000;64.5;64.6;63.02;63.6;31764620;0
AFLT;D;20210422;000000;63.78;64.62;63.04;64.48;17003210;0
AFLT;D;20210423;000000;64.3;65.42;64.28;65.3;17491510;0
AFLT;D;20210426;000000;65.3;66.48;64.76;66.04;16520500;0
AFLT;D;20210427;000000;66.12;66.32;65.28;65.54;11514710;0
AFLT;D;20210428;000000;65.7;65.74;64.6;65;9486780;0
AFLT;D;20210429;000000;65.02;65.42;64.54;64.9;6847590;0
AFLT;D;20210430;000000;64.8;65.08;64.02;64.54;8303780;0
AFLT;D;20210504;000000;64.4;65.46;64.4;65.18;10050080;0
AFLT;D;20210505;000000;65.3;65.7;65;65.22;9201910;0
AFLT;D;20210506;000000;65.26;65.58;65.1;65.4;6082580;0
AFLT;D;20210507;000000;65.5;65.88;65.14;65.64;6330320;0
AFLT;D;20210510;000000;65.98;67.12;65.82;66.88;16497690;0
AFLT;D;20210511;000000;66.82;66.88;65.56;66.32;10626730;0
AFLT;D;20210512;000000;66.4;66.72;65.74;65.9;9033320;0
AFLT;D;20210513;000000;66;67.08;65.32;66.6;14400610;0
AFLT;D;20210514;000000;66.72;67.36;66.56;67.32;7961040;0
AFLT;D;20210517;000000;67.5;71.06;67.5;70.6;53828920;0
AFLT;D;20210518;000000;70.96;72.3;70.02;70.92;38200510;0
AFLT;D;20210519;000000;71;71.46;68.22;69.5;26232800;0
AFLT;D;20210520;000000;69.7;70.32;68.68;70.08;13036770;0
AFLT;D;20210521;000000;70.32;71.36;69.94;70.86;14841660;0
AFLT;D;20210524;000000;71.36;72.4;71.12;71.68;19128100;0
AFLT;D;20210525;000000;71.84;72.2;70.6;71.34;10838080;0
AFLT;D;20210526;000000;71.52;71.84;69.88;70.72;14574260;0
AFLT;D;20210527;000000;70.72;71.72;70;71.12;21616910;0
AFLT;D;20210528;000000;71.2;71.3;69.38;69.94;18811710;0
AFLT;D;20210531;000000;69.92;70.34;69.82;70.06;7704600;0
AFLT;D;20210601;000000;70.1;71.36;70.08;71.06;16562770;0
AFLT;D;20210602;000000;71.1;71.32;70.42;71.24;11290390;0
AFLT;D;20210603;000000;71.36;71.82;70.82;71.5;12998110;0
AFLT;D;20210604;000000;71.5;71.58;70.82;71.44;9304980;0
AFLT;D;20210607;000000;71.44;71.72;71;71.34;8994030;0
AFLT;D;20210608;000000;71.4;71.48;71;71.38;6287280;0
AFLT;D;20210609;000000;71.42;73.9;71.32;73.72;42789420;0
AFLT;D;20210610;000000;73.92;74.6;72.5;73.34;28971570;0
AFLT;D;20210611;000000;73.62;74.1;72.92;73.58;16540180;0
AFLT;D;20210614;000000;73.4;73.58;72.1;72.28;16769210;0
AFLT;D;20210615;000000;72.46;72.46;70.5;71.06;20382770;0
AFLT;D;20210616;000000;70.66;71.44;69.7;70.16;23974590;0
AFLT;D;20210617;000000;69.98;70.68;69.12;69.9;20158380;0
AFLT;D;20210618;000000;69.96;71.82;69.42;71.4;27773800;0
AFLT;D;20210621;000000;71.5;72.2;70.5;71.1;12781590;0
AFLT;D;20210622;000000;71.4;71.9;70.9;71.68;9490570;0
AFLT;D;20210623;000000;71.8;72;70.06;70.58;15883980;0
AFLT;D;20210624;000000;70.66;70.66;68.8;69.14;20965900;0
AFLT;D;20210625;000000;69.16;70.62;69.16;69.98;15209830;0
AFLT;D;20210628;000000;69.98;70.4;69.1;69.32;12448580;0
AFLT;D;20210629;000000;69.2;69.42;67.38;68.06;22130010;0
AFLT;D;20210630;000000;68.06;68.78;67.2;68.6;18053940;0
AFLT;D;20210701;000000;68.62;68.8;68.12;68.54;6521030;0
AFLT;D;20210702;000000;68.5;68.88;68.22;68.58;5561310;0
AFLT;D;20210705;000000;68.6;69.48;68.6;69.34;7382620;0
AFLT;D;20210706;000000;69.48;69.68;68.2;68.5;9246070;0
AFLT;D;20210707;000000;68.5;68.84;68;68.34;6059380;0
AFLT;D;20210708;000000;68.2;68.72;67.56;68.5;9565600;0
AFLT;D;20210709;000000;68.6;69.14;68.18;68.74;8232930;0
AFLT;D;20210712;000000;68.88;68.96;68.4;68.84;3722960;0
AFLT;D;20210713;000000;68.9;69.08;68.18;68.28;6482590;0
AFLT;D;20210714;000000;68.1;68.36;67.82;68.04;8052820;0
AFLT;D;20210715;000000;68.3;68.3;67.66;67.76;5920870;0
AFLT;D;20210716;000000;67.76;67.92;66.6;66.78;11127310;0
AFLT;D;20210719;000000;66.58;66.72;65.8;66.7;11226030;0
AFLT;D;20210720;000000;66.8;68.08;66.7;67.68;9626110;0
AFLT;D;20210721;000000;68;68.02;67.22;67.8;5017290;0
AFLT;D;20210722;000000;67.8;67.8;66.76;67.22;7373860;0
AFLT;D;20210723;000000;67.28;67.34;66.8;66.94;3659230;0
AFLT;D;20210726;000000;66.54;67;66.02;66.4;8491550;0
AFLT;D;20210727;000000;66.3;66.48;65.72;66.1;6320480;0
AFLT;D;20210728;000000;66.28;67.44;66.12;67.44;7398420;0
AFLT;D;20210729;000000;67.4;67.78;67.04;67.24;5974780;0
AFLT;D;20210730;000000;67.16;67.62;66.74;67.16;6127370;0
AFLT;D;20210802;000000;67.64;67.94;66.32;66.78;9617140;0
AFLT;D;20210803;000000;66.94;67.38;66.64;67.24;4385060;0
AFLT;D;20210804;000000;67.4;67.46;66.64;66.78;5325510;0
AFLT;D;20210805;000000;66.66;67.58;66.66;67.32;7478060;0
AFLT;D;20210806;000000;67.32;67.42;66.72;66.86;4335840;0
AFLT;D;20210809;000000;66.98;67.26;66.72;66.9;4945500;0
AFLT;D;20210810;000000;67.24;67.32;66.88;67.04;4720650;0
AFLT;D;20210811;000000;67.16;67.28;66.92;67.12;3638110;0
AFLT;D;20210812;000000;67.2;67.3;66.8;67;3832420;0
AFLT;D;20210813;000000;67;67.1;66.52;66.8;3350370;0
AFLT;D;20210816;000000;66.72;66.98;66.4;66.92;3898670;0
AFLT;D;20210817;000000;66.94;67.34;66.72;67;4388010;0
AFLT;D;20210818;000000;67.12;69.3;67.02;67.92;22364900;0
AFLT;D;20210819;000000;67.92;68;66.32;67.2;13573680;0
AFLT;D;20210820;000000;67.2;67.5;67.12;67.14;3350550;0
AFLT;D;20210823;000000;67.3;68.8;67.3;68.44;7988340;0
AFLT;D;20210824;000000;68.5;68.72;67.84;68.28;5534470;0
AFLT;D;20210825;000000;68.3;68.58;68.04;68.22;3219750;0
AFLT;D;20210826;000000;68.26;68.4;67.68;68.06;4332160;0
AFLT;D;20210827;000000;68.06;69.12;67.46;68.64;7602050;0
AFLT;D;20210830;000000;68.66;69.86;68.66;69.28;15948550;0
AFLT;D;20210831;000000;69.28;69.78;69.06;69.32;9525800;0
AFLT;D;20210901;000000;69.58;70.38;69.16;69.48;13387050;0
AFLT;D;20210902;000000;69.48;69.9;69.12;69.42;6611510;0
AFLT;D;20210903;000000;69.46;69.98;69.18;69.4;6306410;0
AFLT;D;20210906;000000;69.5;69.72;68.66;68.8;7622380;0
AFLT;D;20210907;000000;68.76;69.12;67.88;68.16;12865380;0
AFLT;D;20210908;000000;68.16;68.16;67.04;67.44;12644780;0
AFLT;D;20210909;000000;67.4;67.4;66.56;66.74;9324500;0
AFLT;D;20210910;000000;66.5;67.5;66.5;66.98;5823810;0
AFLT;D;20210913;000000;67.12;67.58;66.96;67.38;5288970;0
AFLT;D;20210914;000000;67.6;67.64;66.92;66.98;4869720;0
AFLT;D;20210915;000000;66.9;67.16;66.66;67.02;5596900;0
AFLT;D;20210916;000000;67.2;67.2;66.28;66.64;8494280;0
AFLT;D;20210917;000000;66.7;67.08;66.62;66.8;5362260;0
AFLT;D;20210920;000000;66.8;66.84;65.84;66.16;6602330;0
AFLT;D;20210921;000000;66.22;67.18;66.2;67.12;7910180;0
AFLT;D;20210922;000000;67.34;67.5;66.62;67.28;6741160;0
AFLT;D;20210923;000000;67.48;67.48;66.74;67.1;5808550;0
AFLT;D;20210924;000000;67.02;69.36;66.84;69.1;23180410;0
AFLT;D;20210927;000000;69.1;71.44;68.32;70.4;30605980;0
AFLT;D;20210928;000000;70.5;70.74;68.2;69.12;16247900;0
AFLT;D;20210929;000000;68.9;72;68.8;69.9;21019830;0
AFLT;D;20210930;000000;70.12;71.8;69.3;69.96;17756590;0
AFLT;D;20211001;000000;69.9;70.98;69.06;70;10304320;0
AFLT;D;20211004;000000;70.38;70.38;69.02;69.22;8685760;0
AFLT;D;20211005;000000;69.22;70.06;69.04;69.86;9100880;0
AFLT;D;20211006;000000;70;71.5;69.16;70.64;21657530;0
AFLT;D;20211007;000000;71;71.78;70.64;71.06;14335810;0
AFLT;D;20211008;000000;71.58;72.04;70.46;70.98;14114530;0
AFLT;D;20211011;000000;71;71.2;70.22;70.36;5865680;0
AFLT;D;20211012;000000;70.18;70.88;70.02;70.7;5273290;0
AFLT;D;20211013;000000;70.46;70.8;69.78;70.22;7190890;0
AFLT;D;20211014;000000;70.22;70.38;69.8;70.08;6520250;0
AFLT;D;20211015;000000;70.08;70.26;69.5;69.68;4943460;0
AFLT;D;20211018;000000;69.6;70.1;69.34;69.76;5729730;0
AFLT;D;20211019;000000;69.82;69.98;69.02;69.26;6481380;0
AFLT;D;20211020;000000;69.04;69.24;68.2;68.58;7080190;0
AFLT;D;20211021;000000;68.5;69.16;67.12;67.64;11607690;0
AFLT;D;20211022;000000;67.7;68.32;67.66;67.9;6149140;0
AFLT;D;20211025;000000;67.12;68.5;67.12;67.84;5002430;0
AFLT;D;20211026;000000;67.86;68;67.5;67.52;3699440;0
AFLT;D;20211027;000000;67.5;68.94;67.16;68.94;8008840;0
AFLT;D;20211028;000000;68.6;69.38;67.56;68.18;10050670;0
AFLT;D;20211029;000000;68.14;69.34;67.74;68.48;11077830;0
AFLT;D;20211101;000000;68.48;68.82;67.72;67.98;5686070;0
AFLT;D;20211102;000000;68;68.34;67.3;67.64;5492950;0
AFLT;D;20211103;000000;67.54;68.16;67.14;67.92;4336210;0
AFLT;D;20211105;000000;67.9;68.5;67.82;68.42;4560080;0
AFLT;D;20211108;000000;68.48;69.4;68.48;68.8;8149840;0
AFLT;D;20211109;000000;68.88;69.18;68.32;68.6;5777120;0
AFLT;D;20211110;000000;68.98;68.98;67.66;67.84;7705830;0
AFLT;D;20211111;000000;67.2;67.38;66.28;67.08;23281400;0
AFLT;D;20211112;000000;67;67.44;65.1;65.98;19532910;0
AFLT;D;20211115;000000;66;67.78;66;67.68;14305790;0
AFLT;D;20211116;000000;67.8;68.06;66.92;67.1;6266490;0
AFLT;D;20211117;000000;67.32;67.4;66.6;66.92;4873160;0
AFLT;D;20211118;000000;67;67.54;66.74;67.14;7376740;0
AFLT;D;20211119;000000;67.2;67.42;65.22;66.04;11912650;0
AFLT;D;20211122;000000;66.2;66.52;64.86;65.2;13919440;0
AFLT;D;20211123;000000;65.2;65.2;63.16;64.72;23624410;0
AFLT;D;20211124;000000;64.78;65.1;64.1;64.22;7095460;0
AFLT;D;20211125;000000;64.5;64.78;64.2;64.7;4864940;0
AFLT;D;20211126;000000;63.5;63.66;59.88;60.98;31806620;0
AFLT;D;20211129;000000;61.8;62.48;60.84;61.1;15893990;0
AFLT;D;20211130;000000;60.44;61.28;59.22;60.32;19411600;0
AFLT;D;20211201;000000;60.58;63.2;60.58;62;15514390;0
AFLT;D;20211202;000000;62.04;64.76;61.24;62.84;19029500;0
AFLT;D;20211203;000000;63.2;63.42;61.78;62.26;7084360;0
AFLT;D;20211206;000000;62.26;62.96;60.2;61.08;10929070;0
AFLT;D;20211207;000000;61;62.94;60.78;62.4;8728840;0
AFLT;D;20211208;000000;62.3;63.18;60.98;61.64;8793210;0
AFLT;D;20211209;000000;61.96;62.02;60.8;61.04;7654830;0
AFLT;D;20211210;000000;60.94;61.28;59.82;60.2;10691100;0
AFLT;D;20211213;000000;60.44;60.9;58.84;60.02;18847460;0
AFLT;D;20211214;000000;59.8;59.96;58;59.5;22351310;0
AFLT;D;20211215;000000;59.5;59.78;58.66;59.36;9868560;0
AFLT;D;20211216;000000;59.4;60.56;58.92;60.16;12853730;0
AFLT;D;20211217;000000;60.16;60.32;59.52;60.04;7333180;0
AFLT;D;20211220;000000;59.86;59.86;58.5;59.02;10622730;0
AFLT;D;20211221;000000;59.04;59.96;58.82;59.68;8264740;0
AFLT;D;20211222;000000;59.68;59.84;58.94;59.18;8314530;0
AFLT;D;20211223;000000;59.32;59.44;58.66;59.2;7882720;0
AFLT;D;20211224;000000;59.3;59.4;58.64;58.96;6986010;0
AFLT;D;20211227;000000;59.04;59.18;58.82;59.08;8069860;0
AFLT;D;20211228;000000;59.08;59.42;58.72;58.92;10648450;0
AFLT;D;20211229;000000;58.94;59.12;58.56;58.98;5321180;0
AFLT;D;20211230;000000;59.02;59.24;58.74;59.16;4522280;0
