<TICKER>;<PER>;<DATE>;<TIME>;<OPEN>;<HIGH>;<LOW>;<CLOSE>;<VOL>;<OPENINT>
FIXP;D;20210310;000000;724.5;757;712.2;716.9;2614386;0
FIXP;D;20210311;000000;725;725.2;671;717;1277701;0
FIXP;D;20210312;000000;720.9;721;701.1;715.5;461094;0
FIXP;D;20210315;000000;720;720;703.6;704.9;955647;0
FIXP;D;20210316;000000;708;709.4;696;697.9;612052;0
FIXP;D;20210317;000000;700;710;674.7;709.2;1268379;0
FIXP;D;20210318;000000;710.7;716.8;706;716;123370;0
FIXP;D;20210319;000000;716;717;706;716.3;96594;0
FIXP;D;20210322;000000;708.3;721.7;708.2;718;133633;0
FIXP;D;20210323;000000;719.9;729.9;718;728;595857;0
FIXP;D;20210324;000000;728.6;733;723.1;732.5;514477;0
FIXP;D;20210325;000000;732.5;742;727.2;739.9;351102;0
FIXP;D;20210326;000000;739.9;743.5;717;738.7;175611;0
FIXP;D;20210329;000000;741.4;741.5;733.4;739;134097;0
FIXP;D;20210330;000000;739;742.6;736.4;741.4;258862;0
FIXP;D;20210331;000000;743;743;732.9;737;79952;0
FIXP;D;20210401;000000;737.7;744;736.8;743;176398;0
FIXP;D;20210402;000000;744.8;745;736;738.9;33737;0
FIXP;D;20210405;000000;738.9;742;721.6;724.3;70271;0
FIXP;D;20210406;000000;728;743.9;710;713;128841;0
FIXP;D;20210407;000000;714.8;716.7;701;704.4;112190;0
FIXP;D;20210408;000000;707.9;727.1;705;716.8;93420;0
FIXP;D;20210409;000000;724;726.8;715;720;58998;0
FIXP;D;20210412;000000;718;735.5;718;735.3;187507;0
FIXP;D;20210413;000000;735.5;739.5;728;731.1;128537;0
FIXP;D;20210414;000000;735;738;715.1;725;101958;0
FIXP;D;20210415;000000;730;741;728.2;730.9;158744;0
FIXP;D;20210416;000000;735;741;720.2;727.9;242509;0
FIXP;D;20210419;000000;730.2;740.9;723.5;732.6;140264;0
FIXP;D;20210420;000000;738;740;727;738;161679;0
FIXP;D;20210421;000000;738;741.5;727.5;733;157291;0
FIXP;D;20210422;000000;738.6;738.6;722.2;730;138426;0
FIXP;D;20210423;000000;732.9;733;716.2;717;140002;0
FIXP;D;20210426;000000;717.3;723;710;713.8;121599;0
FIXP;D;20210427;000000;723.9;723.9;705.1;710.3;254812;0
FIXP;D;20210428;000000;710.4;716;706;706;264325;0
FIXP;D;20210429;000000;708.9;718.8;690.2;707.9;353209;0
FIXP;D;20210430;000000;708;714.5;704;704.1;275638;0
FIXP;D;20210504;000000;710;710;703;703;445899;0
FIXP;D;20210505;000000;705;705;702;702.9;282564;0
FIXP;D;20210506;000000;702;703;695;698.2;664422;0
FIXP;D;20210507;000000;700;700;690;691.4;380018;0
FIXP;D;20210510;000000;691.4;709.6;690.5;708.4;71817;0
FIXP;D;20210511;000000;707.9;709;697;699.2;61632;0
FIXP;D;20210512;000000;702.9;705;691;699.3;95797;0
FIXP;D;20210513;000000;702.1;702.9;679;679.2;701317;0
FIXP;D;20210514;000000;676;690.9;676;685.9;66973;0
FIXP;D;20210517;000000;688.9;692;675;675;252815;0
FIXP;D;20210518;000000;675.4;683.8;675.1;682;46166;0
FIXP;D;20210519;000000;682;701;675;684.6;180550;0
FIXP;D;20210520;000000;685.8;687.5;660.1;662.4;93674;0
FIXP;D;20210521;000000;662.5;676;646;663.7;126360;0
FIXP;D;20210524;000000;660.3;672.3;651;664.4;56463;0
FIXP;D;20210525;000000;668;677;652.1;653.2;88621;0
FIXP;D;20210526;000000;653.2;653.5;635;640;122997;0
FIXP;D;20210527;000000;643.4;644.8;609.5;612;137476;0
FIXP;D;20210528;000000;618.1;622;589;598;195804;0
FIXP;D;20210531;000000;600;643.6;600;622.7;156991;0
FIXP;D;20210601;000000;632.9;633.3;610.2;623.5;114544;0
FIXP;D;20210602;000000;623.5;630.5;623.5;629.5;43956;0
FIXP;D;20210603;000000;629.4;655;625.4;642.5;192230;0
FIXP;D;20210604;000000;642.5;653.9;627.5;628.6;135800;0
FIXP;D;20210607;000000;633.9;633.9;624;625;66800;0
FIXP;D;20210608;000000;625;626.7;613.9;613.9;51195;0
FIXP;D;20210609;000000;628.5;628.5;615.6;619;121845;0
FIXP;D;20210610;000000;623.4;624;615.1;618.2;50772;0
FIXP;D;20210611;000000;620.5;623.9;615.9;616;57984;0
FIXP;D;20210614;000000;620.4;620.5;610;613.1;39551;0
FIXP;D;20210615;000000;613.1;627;610;612.7;53738;0
FIXP;D;20210616;000000;612.1;616.2;610;610.7;70305;0
FIXP;D;20210617;000000;614;664.2;610.6;664.2;199758;0
FIXP;D;20210618;000000;664.2;664.2;633.3;659;186515;0
FIXP;D;20210621;000000;658;667.5;641.5;667.3;126553;0
FIXP;D;20210622;000000;667.3;671;660;668.8;63028;0
FIXP;D;20210623;000000;668.6;676.3;662.8;675.1;125625;0
FIXP;D;20210624;000000;674.1;680.7;662;671.4;115557;0
FIXP;D;20210625;000000;671.6;678.5;653.3;662.2;100896;0
FIXP;D;20210628;000000;662.3;666.4;651;665.9;111287;0
FIXP;D;20210629;000000;654;662.8;641;649;76990;0
FIXP;D;20210630;000000;660;660;632;637;92306;0
FIXP;D;20210701;000000;636.9;660;636.9;645.5;64397;0
FIXP;D;20210702;000000;649.8;654.7;641.3;649;77350;0
FIXP;D;20210705;000000;653;653.9;633.6;643.1;72330;0
FIXP;D;20210706;000000;653.3;653.3;635.1;637.8;103360;0
FIXP;D;20210707;000000;642.4;650;633;637.6;65235;0
FIXP;D;20210708;000000;636.1;640;618.1;628;113452;0
FIXP;D;20210709;000000;635.2;639.6;626.6;633.8;41542;0
FIXP;D;20210712;000000;630;650;623.1;648.1;119317;0
FIXP;D;20210713;000000;644.7;648.3;629;632.1;82915;0
FIXP;D;20210714;000000;632.1;634.4;612.7;617.3;103909;0
FIXP;D;20210715;000000;622.6;622.6;605.5;617;100775;0
FIXP;D;20210716;000000;618;618;602;605;164100;0
FIXP;D;20210719;000000;608.9;615;595.5;602;146896;0
FIXP;D;20210720;000000;609.1;609.1;593;601.9;151576;0
FIXP;D;20210721;000000;601.9;603.4;585.6;587.9;179118;0
FIXP;D;20210722;000000;592.4;592.4;569;576.6;196392;0
FIXP;D;20210723;000000;576.8;579.8;568;573.9;121833;0
FIXP;D;20210726;000000;574.4;576.5;560;565.9;134702;0
FIXP;D;20210727;000000;561.5;567.5;545;549.4;151203;0
FIXP;D;20210728;000000;550.9;557;538.3;547.9;197829;0
FIXP;D;20210729;000000;548.6;556.8;540.6;555;130995;0
FIXP;D;20210730;000000;555;569.3;554.5;567;178256;0
FIXP;D;20210802;000000;567.2;571.8;546.4;555.3;98902;0
FIXP;D;20210803;000000;555.4;557.3;545;556;99421;0
FIXP;D;20210804;000000;556.8;567.9;550.6;561.5;83461;0
FIXP;D;20210805;000000;561.5;574;555;574;67172;0
FIXP;D;20210806;000000;567.8;577.4;560.4;570.9;74970;0
FIXP;D;20210809;000000;575;584.2;570.3;581.9;99058;0
FIXP;D;20210810;000000;589;591;581.1;590.5;49541;0
FIXP;D;20210811;000000;589.4;594;573.3;584;105451;0
FIXP;D;20210812;000000;615;615;584;610;568169;0
FIXP;D;20210813;000000;610;639.9;602.4;629;358497;0
FIXP;D;20210816;000000;632;644.9;623.2;642.7;171566;0
FIXP;D;20210817;000000;642.7;675;633.7;670;507145;0
FIXP;D;20210818;000000;670;680;654;665.7;244479;0
FIXP;D;20210819;000000;670;697;661.1;683.6;331325;0
FIXP;D;20210820;000000;704.3;704.3;668;674.1;174887;0
FIXP;D;20210823;000000;678;686.2;655;662;120610;0
FIXP;D;20210824;000000;664.9;672;645.7;649;145861;0
FIXP;D;20210825;000000;650.6;679.4;645.7;664.8;69462;0
FIXP;D;20210826;000000;664.8;684;656.4;676.1;71129;0
FIXP;D;20210827;000000;684;690;679.5;685.9;72516;0
FIXP;D;20210830;000000;690;700;675.3;680;86722;0
FIXP;D;20210831;000000;683.5;690.5;670;674.1;56906;0
FIXP;D;20210901;000000;682.9;686.9;660.6;668.2;64738;0
FIXP;D;20210902;000000;670;678.4;660;667.1;82404;0
FIXP;D;20210903;000000;668;671.5;640.1;657.6;132399;0
FIXP;D;20210906;000000;658;669.9;645;648.1;69975;0
FIXP;D;20210907;000000;650;650;627.1;637.3;106563;0
FIXP;D;20210908;000000;635.2;653.2;626.3;652.9;61507;0
FIXP;D;20210909;000000;652;652;628.4;628.6;65165;0
FIXP;D;20210910;000000;633;645;628.5;642.4;90263;0
FIXP;D;20210913;000000;650;650;595.2;602.8;363905;0
FIXP;D;20210914;000000;602.6;615;589.2;610.7;347433;0
FIXP;D;20210915;000000;610.9;616;596;604.3;215101;0
FIXP;D;20210916;000000;606;618.7;598.2;612.1;290642;0
FIXP;D;20210917;000000;612.1;628;608.1;622.3;248955;0
FIXP;D;20210920;000000;622.3;629.3;610.9;615;190659;0
FIXP;D;20210921;000000;623.8;623.9;605;609.3;151445;0
FIXP;D;20210922;000000;612.5;618;599;610;127341;0
FIXP;D;20210923;000000;601;638.6;600.6;628.9;215780;0
FIXP;D;20210924;000000;631;660;625;643.1;272355;0
FIXP;D;20210927;000000;633.7;649.4;631.3;638.5;136463;0
FIXP;D;20210928;000000;645.9;676.2;639.3;668.6;319092;0
FIXP;D;20210929;000000;664;669;652.8;664;189883;0
FIXP;D;20210930;000000;665.9;666.5;644;647.4;191847;0
FIXP;D;20211001;000000;653.2;672;648.4;655;169839;0
FIXP;D;20211004;000000;655;661.7;633.2;638.5;174198;0
FIXP;D;20211005;000000;645;654.3;636;647.9;121313;0
FIXP;D;20211006;000000;652;664;638.8;652.1;204996;0
FIXP;D;20211007;000000;659.9;671.8;652.5;655;200689;0
FIXP;D;20211008;000000;664.3;669;656.9;665.2;141088;0
FIXP;D;20211011;000000;671;671;649;658.1;357866;0
FIXP;D;20211012;000000;661.4;661.6;648.2;649;96851;0
FIXP;D;20211013;000000;648.1;655.4;631.7;644.4;149447;0
FIXP;D;20211014;000000;646.8;647.5;638;640.3;66514;0
FIXP;D;20211015;000000;635;648;635;645;99279;0
FIXP;D;20211018;000000;646.7;646.7;626.2;632.1;179538;0
FIXP;D;20211019;000000;630;634.1;621.6;630.4;147371;0
FIXP;D;20211020;000000;630.4;631.3;611.1;627;202314;0
FIXP;D;20211021;000000;622;633;610;629.6;143966;0
FIXP;D;20211022;000000;632;632;610.7;611.2;210293;0
FIXP;D;20211025;000000;610;622;603.2;619.1;132762;0
FIXP;D;20211026;000000;621.6;621.6;609;609.4;134591;0
FIXP;D;20211027;000000;616;620;609.5;615;155948;0
FIXP;D;20211028;000000;617;618;603.5;609.8;157837;0
FIXP;D;20211029;000000;612;625;605.9;620.8;184635;0
FIXP;D;20211101;000000;623.4;635.7;611;630.6;159854;0
FIXP;D;20211102;000000;635;635.9;608.4;616.4;289159;0
FIXP;D;20211103;000000;618;618;601;606.5;192867;0
FIXP;D;20211105;000000;609;609;590.2;597.3;275981;0
FIXP;D;20211108;000000;600.7;603.7;594.2;598.6;118400;0
FIXP;D;20211109;000000;603.5;603.9;594;600.1;183569;0
FIXP;D;20211110;000000;602.9;611.8;594.9;601.2;284879;0
FIXP;D;20211111;000000;606.8;624;595.2;619.5;277449;0
FIXP;D;20211112;000000;619.8;622.5;604;610.4;255813;0
FIXP;D;20211115;000000;610.4;612.8;597;601.6;251104;0
FIXP;D;20211116;000000;606.9;606.9;591.2;593;179816;0
FIXP;D;20211117;000000;594.1;600.5;581.5;586.2;267006;0
FIXP;D;20211118;000000;589;589.3;569.7;576.4;313672;0
FIXP;D;20211119;000000;579.8;586;577.6;582.8;156560;0
FIXP;D;20211122;000000;582.8;606.4;561.6;582.1;591419;0
FIXP;D;20211123;000000;582.1;595;555;564.4;494456;0
FIXP;D;20211124;000000;565.1;569.3;550.2;554.8;299601;0
FIXP;D;20211125;000000;554.8;582.7;554;571;296304;0
FIXP;D;20211126;000000;565.1;570;552;555.5;222566;0
FIXP;D;20211129;000000;568.5;571.9;548.4;569;192435;0
FIXP;D;20211130;000000;563.6;581.9;559;574.9;220586;0
FIXP;D;20211201;000000;575.2;591;574;585.9;165477;0
FIXP;D;20211202;000000;585.9;592.8;570;578.5;162304;0
FIXP;D;20211203;000000;578.5;586.9;570;579.9;200757;0
FIXP;D;20211206;000000;580.6;597;561.6;570;168538;0
FIXP;D;20211207;000000;570;598;564.6;584.6;320309;0
FIXP;D;20211208;000000;590;603.2;584.6;601.2;350269;0
FIXP;D;20211209;000000;603;605;570.1;604.4;268308;0
FIXP;D;20211210;000000;604.9;605.5;588;592;268171;0
FIXP;D;20211213;000000;599.9;604.9;568.6;591.2;354118;0
FIXP;D;20211214;000000;586.9;600;568.5;579;308940;0
FIXP;D;20211215;000000;583.9;599.6;557.1;566.9;237833;0
FIXP;D;20211216;000000;569.3;575;559.2;563.9;495085;0
FIXP;D;20211217;000000;569.3;569.3;551.3;559.5;201966;0
FIXP;D;20211220;000000;559.5;560.3;547;558;187634;0
FIXP;D;20211221;000000;559.7;565.8;554.2;560;205036;0
FIXP;D;20211222;000000;560;562.5;550.5;550.5;210168;0
FIXP;D;20211223;000000;551.1;557.4;538.7;541;249541;0
FIXP;D;20211224;000000;546.7;552.2;539;544.6;209868;0
FIXP;D;20211227;000000;544.6;554;540;541.6;175037;0
FIXP;D;20211228;000000;546.8;546.8;539.3;539.5;233668;0
FIXP;D;20211229;000000;539.5;557;451;550;983483;0
FIXP;D;20211230;000000;550;556.1;540;547.5;304704;0
