<TICKER>;<PER>;<DATE>;<TIME>;<OPEN>;<HIGH>;<LOW>;<CLOSE>;<VOL>;<OPENINT>
GMKN;D;20170103;000000;10123;10350;10123;10245;187145;0
GMKN;D;20170104;000000;10245;10286;9990;10195;150167;0
GMKN;D;20170105;000000;10205;10250;9918;10025;113456;0
GMKN;D;20170106;000000;10025;10060;9937;10040;76996;0
GMKN;D;20170109;000000;10063;10131;10038;10115;59446;0
GMKN;D;20170110;000000;10134;10398;10116;10397;155362;0
GMKN;D;20170111;000000;10325;10457;10281;10439;127176;0
GMKN;D;20170112;000000;10399;10435;9832;9994;611509;0
GMKN;D;20170113;000000;10019;10090;9642;9756;346521;0
GMKN;D;20170116;000000;9779;9854;9702;9761;136911;0
GMKN;D;20170117;000000;9749;9780;9600;9615;169780;0
GMKN;D;20170118;000000;9625;9650;9510;9549;157984;0
GMKN;D;20170119;000000;9550;9638;9515;9590;135387;0
GMKN;D;20170120;000000;9565;9570;9341;9360;207962;0
GMKN;D;20170123;000000;9390;9482;9326;9424;135490;0
GMKN;D;20170124;000000;9440;9519;9355;9486;251091;0
GMKN;D;20170125;000000;9498;9545;9442;9535;182688;0
GMKN;D;20170126;000000;9555;9839;9540;9790;275406;0
GMKN;D;20170127;000000;9710;9837;9700;9792;148086;0
GMKN;D;20170130;000000;9791;9889;9710;9772;112137;0
GMKN;D;20170131;000000;9760;9827;9622;9629;137944;0
GMKN;D;20170201;000000;9662;9860;9646;9848;163459;0
GMKN;D;20170202;000000;9862;10288;9823;10255;503321;0
GMKN;D;20170203;000000;10211;10235;10000;10089;252133;0
GMKN;D;20170206;000000;10100;10155;9880;9922;174682;0
GMKN;D;20170207;000000;9930;10143;9880;10136;170697;0
GMKN;D;20170208;000000;10155;10238;10051;10135;181642;0
GMKN;D;20170209;000000;10137;10164;9940;9999;118463;0
GMKN;D;20170210;000000;10019;10072;9902;10072;118992;0
GMKN;D;20170213;000000;10111;10135;9805;9890;176477;0
GMKN;D;20170214;000000;9870;9900;9683;9740;141314;0
GMKN;D;20170215;000000;9743;9996;9574;9940;248021;0
GMKN;D;20170216;000000;9965;10045;9830;9957;168824;0
GMKN;D;20170217;000000;9957;9957;9680;9720;266672;0
GMKN;D;20170220;000000;9785;9785;9520;9585;196375;0
GMKN;D;20170221;000000;9549;9698;9505;9677;104620;0
GMKN;D;20170222;000000;9693;9693;9523;9600;79924;0
GMKN;D;20170224;000000;9578;9580;9350;9498;183937;0
GMKN;D;20170227;000000;9519;9536;9300;9341;175139;0
GMKN;D;20170228;000000;9350;9376;8697;9311;248696;0
GMKN;D;20170301;000000;9325;9464;9281;9371;155841;0
GMKN;D;20170302;000000;9399;9505;9265;9306;160221;0
GMKN;D;20170303;000000;9285;9378;9203;9336;97166;0
GMKN;D;20170306;000000;9315;9415;9232;9324;83142;0
GMKN;D;20170307;000000;9324;9324;8980;9061;341783;0
GMKN;D;20170309;000000;8898;8995;8800;8807;290185;0
GMKN;D;20170310;000000;8840;8900;8701;8855;168332;0
GMKN;D;20170313;000000;8855;9073;8818;8965;133556;0
GMKN;D;20170314;000000;8995;9108;8967;9097;113755;0
GMKN;D;20170315;000000;9114;9189;9005;9057;180248;0
GMKN;D;20170316;000000;9145;9219;9001;9054;274194;0
GMKN;D;20170317;000000;9046;9272;9027;9169;241489;0
GMKN;D;20170320;000000;9163;9200;8989;9011;196243;0
GMKN;D;20170321;000000;9040;9150;9000;9109;162165;0
GMKN;D;20170322;000000;9090;9180;8920;9180;188896;0
GMKN;D;20170323;000000;9185;9235;9108;9182;100883;0
GMKN;D;20170324;000000;9166;9207;9050;9165;78961;0
GMKN;D;20170327;000000;9117;9117;8865;8891;193036;0
GMKN;D;20170328;000000;8930;9011;8885;9011;103265;0
GMKN;D;20170329;000000;9011;9049;8931;8985;80644;0
GMKN;D;20170330;000000;8974;9009;8885;8989;89989;0
GMKN;D;20170331;000000;8980;8998;8839;8929;95153;0
GMKN;D;20170403;000000;8936;9050;8865;8974;114662;0
GMKN;D;20170404;000000;8959;9050;8946;9000;105121;0
GMKN;D;20170405;000000;9044;9191;9021;9186;124549;0
GMKN;D;20170406;000000;9180;9181;9091;9133;123348;0
GMKN;D;20170407;000000;9099;9141;8935;9025;196681;0
GMKN;D;20170410;000000;9004;9039;8885;8956;155514;0
GMKN;D;20170411;000000;8952;9065;8939;8964;109699;0
GMKN;D;20170412;000000;9011;9015;8875;8924;111974;0
GMKN;D;20170413;000000;8948;8948;8684;8775;208100;0
GMKN;D;20170414;000000;8750;8827;8708;8710;42964;0
GMKN;D;20170417;000000;8742;8866;8650;8841;77081;0
GMKN;D;20170418;000000;8847;8858;8551;8556;190006;0
GMKN;D;20170419;000000;8594;8650;8492;8553;135979;0
GMKN;D;20170420;000000;8550;8620;8471;8620;130915;0
GMKN;D;20170421;000000;8612;8645;8462;8538;145299;0
GMKN;D;20170424;000000;8563;8705;8467;8685;176727;0
GMKN;D;20170425;000000;8721;8904;8615;8873;149714;0
GMKN;D;20170426;000000;8897;8940;8721;8890;171795;0
GMKN;D;20170427;000000;8818;8978;8677;8750;193810;0
GMKN;D;20170428;000000;8780;8893;8740;8747;160861;0
GMKN;D;20170502;000000;8786;8940;8770;8809;153926;0
GMKN;D;20170503;000000;8800;8800;8675;8688;152566;0
GMKN;D;20170504;000000;8669;8742;8576;8701;165870;0
GMKN;D;20170505;000000;8653;8769;8566;8765;131504;0
GMKN;D;20170510;000000;8800;8815;8571;8658;200296;0
GMKN;D;20170511;000000;8636;8659;8478;8500;207810;0
GMKN;D;20170512;000000;8504;8511;8352;8405;153250;0
GMKN;D;20170515;000000;8423;8530;8351;8530;164624;0
GMKN;D;20170516;000000;8519;8520;8365;8402;113969;0
GMKN;D;20170517;000000;8388;8451;8360;8372;135495;0
GMKN;D;20170518;000000;8353;8444;8248;8420;241348;0
GMKN;D;20170519;000000;8425;8495;8305;8305;122602;0
GMKN;D;20170522;000000;8305;8375;8251;8275;112447;0
GMKN;D;20170523;000000;8261;8389;8209;8359;109666;0
GMKN;D;20170524;000000;8307;8399;8292;8399;82265;0
GMKN;D;20170525;000000;8408;8448;8227;8227;144919;0
GMKN;D;20170526;000000;8250;8264;8165;8200;126080;0
GMKN;D;20170529;000000;8220;8247;8143;8143;70486;0
GMKN;D;20170530;000000;8150;8160;8035;8050;154345;0
GMKN;D;20170531;000000;8038;8067;7902;7902;314631;0
GMKN;D;20170601;000000;7949;7958;7750;7791;283785;0
GMKN;D;20170602;000000;7800;7890;7677;7829;233230;0
GMKN;D;20170605;000000;7853;7975;7791;7887;159842;0
GMKN;D;20170606;000000;7929;7955;7800;7898;124799;0
GMKN;D;20170607;000000;7875;7954;7854;7865;122570;0
GMKN;D;20170608;000000;7871;8020;7871;8013;149621;0
GMKN;D;20170609;000000;7991;8141;7989;8100;193627;0
GMKN;D;20170613;000000;8057;8145;8022;8058;158695;0
GMKN;D;20170614;000000;8060;8146;8059;8113;152743;0
GMKN;D;20170615;000000;8075;8109;7862;8011;473032;0
GMKN;D;20170616;000000;8030;8194;8030;8154;248522;0
GMKN;D;20170619;000000;8190;8273;8162;8250;171048;0
GMKN;D;20170620;000000;8267;8376;8231;8311;212940;0
GMKN;D;20170621;000000;8300;8359;8173;8290;248295;0
GMKN;D;20170622;000000;7921;7949;7791;7850;444514;0
GMKN;D;20170623;000000;7875;8095;7826;8015;379595;0
GMKN;D;20170626;000000;8054;8123;7991;7999;133668;0
GMKN;D;20170627;000000;7977;8145;7967;8126;163095;0
GMKN;D;20170628;000000;8105;8246;8075;8175;160350;0
GMKN;D;20170629;000000;8201;8238;8131;8180;127313;0
GMKN;D;20170630;000000;8170;8288;8068;8068;195603;0
GMKN;D;20170703;000000;8107;8247;8090;8246;120868;0
GMKN;D;20170704;000000;8225;8245;8161;8197;96847;0
GMKN;D;20170705;000000;8217;8298;8165;8288;151838;0
GMKN;D;20170706;000000;8275;8386;8275;8343;136882;0
GMKN;D;20170707;000000;8258;8405;8240;8373;151915;0
GMKN;D;20170710;000000;8399;8515;8382;8515;193488;0
GMKN;D;20170711;000000;8550;8599;8510;8591;119772;0
GMKN;D;20170712;000000;8596;8640;8512;8600;198692;0
GMKN;D;20170713;000000;8600;8620;8420;8496;178759;0
GMKN;D;20170714;000000;8478;8491;8391;8480;135168;0
GMKN;D;20170717;000000;8508;8593;8450;8593;178398;0
GMKN;D;20170718;000000;8575;8615;8532;8574;153118;0
GMKN;D;20170719;000000;8565;8693;8558;8693;126311;0
GMKN;D;20170720;000000;8689;8746;8260;8410;294050;0
GMKN;D;20170721;000000;8399;8451;8291;8388;420458;0
GMKN;D;20170724;000000;8370;8585;8370;8585;348803;0
GMKN;D;20170725;000000;8595;8713;8573;8675;790335;0
GMKN;D;20170726;000000;8661;8724;8612;8646;291899;0
GMKN;D;20170727;000000;8675;8867;8655;8865;253874;0
GMKN;D;20170728;000000;8840;8896;8718;8831;278590;0
GMKN;D;20170731;000000;8826;8960;8826;8930;201926;0
GMKN;D;20170801;000000;8960;9090;8911;9055;226209;0
GMKN;D;20170802;000000;9020;9177;9020;9142;236716;0
GMKN;D;20170803;000000;9160;9197;9044;9095;226345;0
GMKN;D;20170804;000000;9083;9115;9010;9099;115889;0
GMKN;D;20170807;000000;9100;9270;9099;9270;209361;0
GMKN;D;20170808;000000;9260;9280;9131;9200;168632;0
GMKN;D;20170809;000000;9248;9295;9210;9269;155444;0
GMKN;D;20170810;000000;9253;9288;9133;9180;148627;0
GMKN;D;20170811;000000;9065;9099;8920;9000;249329;0
GMKN;D;20170814;000000;9036;9115;8984;9050;115590;0
GMKN;D;20170815;000000;9050;9086;8840;8919;298141;0
GMKN;D;20170816;000000;8890;8894;8616;8725;602613;0
GMKN;D;20170817;000000;8720;8844;8702;8768;166826;0
GMKN;D;20170818;000000;8733;8919;8701;8899;261692;0
GMKN;D;20170821;000000;8924;9028;8910;9005;198361;0
GMKN;D;20170822;000000;9059;9098;9025;9071;162598;0
GMKN;D;20170823;000000;9070;9130;9054;9130;250141;0
GMKN;D;20170824;000000;9143;9220;9097;9220;214775;0
GMKN;D;20170825;000000;9084;9209;8923;9150;358990;0
GMKN;D;20170828;000000;9150;9289;9105;9289;135800;0
GMKN;D;20170829;000000;9295;9473;9221;9473;305359;0
GMKN;D;20170830;000000;9492;9620;9410;9500;279574;0
GMKN;D;20170831;000000;9499;9816;9471;9790;556145;0
GMKN;D;20170901;000000;9820;9920;9707;9803;357581;0
GMKN;D;20170904;000000;9800;9850;9674;9746;130404;0
GMKN;D;20170905;000000;9759;9787;9650;9692;146196;0
GMKN;D;20170906;000000;9682;9860;9681;9825;262020;0
GMKN;D;20170907;000000;9860;9868;9660;9660;228305;0
GMKN;D;20170908;000000;9663;9815;9612;9675;172956;0
GMKN;D;20170911;000000;9690;9798;9601;9667;229219;0
GMKN;D;20170912;000000;9650;9867;9644;9867;186130;0
GMKN;D;20170913;000000;9855;9874;9650;9650;195287;0
GMKN;D;20170914;000000;9629;9650;9470;9560;249580;0
GMKN;D;20170915;000000;9567;9578;9427;9535;208815;0
GMKN;D;20170918;000000;9569;9691;9535;9547;168612;0
GMKN;D;20170919;000000;9529;9629;9525;9613;143530;0
GMKN;D;20170920;000000;9641;9679;9532;9673;199277;0
GMKN;D;20170921;000000;9639;9732;9571;9710;243144;0
GMKN;D;20170922;000000;9630;9640;9503;9593;264969;0
GMKN;D;20170925;000000;9591;9685;9524;9650;187771;0
GMKN;D;20170926;000000;9673;9773;9594;9607;163477;0
GMKN;D;20170927;000000;9607;9715;9600;9649;158356;0
GMKN;D;20170928;000000;9650;9663;9582;9648;109981;0
GMKN;D;20170929;000000;9650;9945;9645;9920;397140;0
GMKN;D;20171002;000000;9920;10140;9904;10134;344316;0
GMKN;D;20171003;000000;10168;10291;10145;10253;291371;0
GMKN;D;20171004;000000;10290;10306;10135;10213;219816;0
GMKN;D;20171005;000000;10203;10358;10171;10328;187774;0
GMKN;D;20171006;000000;10380;10400;10286;10313;118414;0
GMKN;D;20171009;000000;10332;10438;10332;10438;139197;0
GMKN;D;20171010;000000;10447;10447;10180;10254;192315;0
GMKN;D;20171011;000000;10254;10306;10152;10275;176748;0
GMKN;D;20171012;000000;10278;10292;10068;10155;279010;0
GMKN;D;20171013;000000;10155;10496;10155;10490;492230;0
GMKN;D;20171016;000000;10500;10834;10490;10780;587617;0
GMKN;D;20171017;000000;10749;10774;10650;10730;269508;0
GMKN;D;20171018;000000;10570;10918;10530;10756;406090;0
GMKN;D;20171019;000000;10759;10820;10527;10527;274876;0
GMKN;D;20171020;000000;10611;10742;10604;10696;209763;0
GMKN;D;20171023;000000;10725;10750;10600;10673;128935;0
GMKN;D;20171024;000000;10675;10734;10492;10666;133852;0
GMKN;D;20171025;000000;10669;10685;10350;10390;239577;0
GMKN;D;20171026;000000;10390;10565;10289;10425;210995;0
GMKN;D;20171027;000000;10400;10557;10383;10532;151263;0
GMKN;D;20171030;000000;10483;10656;10420;10590;143267;0
GMKN;D;20171031;000000;10650;10789;10592;10592;181392;0
GMKN;D;20171101;000000;10750;11070;10740;11050;416048;0
GMKN;D;20171102;000000;11070;11460;10922;11350;505046;0
GMKN;D;20171103;000000;11399;11787;11347;11551;516509;0
GMKN;D;20171107;000000;11676;11938;11318;11610;424677;0
GMKN;D;20171108;000000;11538;11538;11354;11455;221535;0
GMKN;D;20171109;000000;11320;11527;11220;11465;243940;0
GMKN;D;20171110;000000;11401;11589;11364;11400;146370;0
GMKN;D;20171113;000000;11441;11550;11360;11470;134447;0
GMKN;D;20171114;000000;11424;11503;11080;11151;173877;0
GMKN;D;20171115;000000;11059;11150;10803;10803;216146;0
GMKN;D;20171116;000000;10803;11177;10803;11044;176537;0
GMKN;D;20171117;000000;11044;11099;10800;10813;112440;0
GMKN;D;20171120;000000;10835;11000;10410;10544;313993;0
GMKN;D;20171121;000000;10400;10700;10212;10515;472976;0
GMKN;D;20171122;000000;10545;10784;10431;10768;166614;0
GMKN;D;20171123;000000;10750;10751;10485;10609;113933;0
GMKN;D;20171124;000000;10650;10769;10616;10750;104314;0
GMKN;D;20171127;000000;10650;10659;10450;10550;101322;0
GMKN;D;20171128;000000;10430;10431;10125;10220;213459;0
GMKN;D;20171129;000000;10270;10376;10082;10107;157080;0
GMKN;D;20171130;000000;10071;10147;9876;9876;267827;0
GMKN;D;20171201;000000;9925;10080;9890;10080;137706;0
GMKN;D;20171204;000000;10124;10280;10030;10166;117134;0
GMKN;D;20171205;000000;10125;10128;9931;10077;135953;0
GMKN;D;20171206;000000;10022;10187;9936;10166;131809;0
GMKN;D;20171207;000000;10000;10150;9969;10063;109272;0
GMKN;D;20171208;000000;10088;10184;10024;10077;97607;0
GMKN;D;20171211;000000;10055;10423;10035;10423;134271;0
GMKN;D;20171212;000000;10401;10787;10380;10787;269204;0
GMKN;D;20171213;000000;10770;10770;10440;10512;142050;0
GMKN;D;20171214;000000;10510;10689;10477;10669;129846;0
GMKN;D;20171215;000000;10650;10739;10442;10595;173166;0
GMKN;D;20171218;000000;10620;10759;10512;10680;137850;0
GMKN;D;20171219;000000;10680;10699;10530;10653;93132;0
GMKN;D;20171220;000000;10560;10700;10560;10613;108259;0
GMKN;D;20171221;000000;10622;10717;10451;10531;137375;0
GMKN;D;20171222;000000;10530;10729;10403;10710;105756;0
GMKN;D;20171225;000000;10710;10710;10620;10655;26935;0
GMKN;D;20171226;000000;10638;10684;10530;10629;35289;0
GMKN;D;20171227;000000;10564;10700;10500;10621;124848;0
GMKN;D;20171228;000000;10648;10718;10586;10694;69933;0
GMKN;D;20171229;000000;10688;10855;10608;10850;92951;0
GMKN;D;20180103;000000;10880;11302;10880;11302;152990;0
GMKN;D;20180104;000000;11310;11600;11269;11585;200891;0
GMKN;D;20180105;000000;11606;11639;11456;11565;191238;0
GMKN;D;20180109;000000;11610;11794;11590;11675;244866;0
GMKN;D;20180110;000000;11670;11697;11482;11655;231328;0
GMKN;D;20180111;000000;11614;11850;11540;11662;225195;0
GMKN;D;20180112;000000;11660;11722;11481;11600;129018;0
GMKN;D;20180115;000000;11661;11750;11580;11750;136249;0
GMKN;D;20180116;000000;11695;11700;11320;11375;214015;0
GMKN;D;20180117;000000;11328;11498;11135;11498;263552;0
GMKN;D;20180118;000000;11498;11630;11416;11560;199705;0
GMKN;D;20180119;000000;11567;11600;11384;11470;155913;0
GMKN;D;20180122;000000;11450;11569;11390;11488;157334;0
GMKN;D;20180123;000000;11535;11535;11106;11198;279554;0
GMKN;D;20180124;000000;11190;11378;10965;11325;247870;0
GMKN;D;20180125;000000;11420;11537;11350;11537;262730;0
GMKN;D;20180126;000000;11525;11525;11221;11420;174245;0
GMKN;D;20180129;000000;11500;11709;11421;11539;208116;0
GMKN;D;20180130;000000;11417;11519;11366;11483;166658;0
GMKN;D;20180131;000000;11450;11664;11404;11608;174668;0
GMKN;D;20180201;000000;11607;11750;11547;11639;172681;0
GMKN;D;20180202;000000;11648;11695;11400;11496;193577;0
GMKN;D;20180205;000000;11450;11670;11250;11581;169438;0
GMKN;D;20180206;000000;11290;11491;11265;11308;305995;0
GMKN;D;20180207;000000;11470;11512;11205;11268;190000;0
GMKN;D;20180208;000000;11239;11250;11020;11110;163176;0
GMKN;D;20180209;000000;10941;11349;10906;11101;213171;0
GMKN;D;20180212;000000;11255;11291;11122;11147;133347;0
GMKN;D;20180213;000000;11196;11500;11122;11500;213964;0
GMKN;D;20180214;000000;11501;11761;11460;11761;264873;0
GMKN;D;20180215;000000;11800;11970;11760;11785;315490;0
GMKN;D;20180216;000000;11790;11799;10422;10810;1140685;0
GMKN;D;20180219;000000;10810;11281;10510;11171;580491;0
GMKN;D;20180220;000000;11190;11244;10950;11060;362250;0
GMKN;D;20180221;000000;11000;11640;10999;11300;516332;0
GMKN;D;20180222;000000;11251;11400;11107;11380;260419;0
GMKN;D;20180226;000000;11570;11926;11437;11874;402976;0
GMKN;D;20180227;000000;11890;11898;11505;11550;265654;0
GMKN;D;20180228;000000;11500;11500;11135;11159;347007;0
GMKN;D;20180301;000000;11098;11278;11021;11173;196345;0
GMKN;D;20180302;000000;11151;11249;11037;11248;138150;0
GMKN;D;20180305;000000;11270;11394;11131;11199;158462;0
GMKN;D;20180306;000000;11210;11396;10760;11161;534687;0
GMKN;D;20180307;000000;11136;11176;11011;11160;155791;0
GMKN;D;20180309;000000;11130;11287;10913;11077;166640;0
GMKN;D;20180312;000000;11146;11209;11025;11157;110478;0
GMKN;D;20180313;000000;11093;11147;11035;11101;99039;0
GMKN;D;20180314;000000;11064;11079;10800;10881;212369;0
GMKN;D;20180315;000000;10840;10933;10725;10890;182542;0
GMKN;D;20180316;000000;10830;10993;10762;10927;211891;0
GMKN;D;20180319;000000;10940;11021;10893;10911;82011;0
GMKN;D;20180320;000000;10941;10966;10760;10950;147443;0
GMKN;D;20180321;000000;10936;11044;10860;10932;110234;0
GMKN;D;20180322;000000;10943;11067;10875;11003;93711;0
GMKN;D;20180323;000000;10930;10998;10760;10998;138654;0
GMKN;D;20180326;000000;10953;10953;10750;10750;106859;0
GMKN;D;20180327;000000;10800;10845;10669;10728;122646;0
GMKN;D;20180328;000000;10699;10782;10628;10695;96600;0
GMKN;D;20180329;000000;10729;10795;10660;10795;120855;0
GMKN;D;20180330;000000;10779;10800;10740;10760;28302;0
GMKN;D;20180402;000000;10786;11011;10761;10800;95784;0
GMKN;D;20180403;000000;10810;10874;10718;10830;119362;0
GMKN;D;20180404;000000;10829;10887;10680;10735;163314;0
GMKN;D;20180405;000000;10775;10819;10662;10744;142517;0
GMKN;D;20180406;000000;10690;10753;10620;10733;129463;0
GMKN;D;20180409;000000;10623;10625;8824;9170;1298445;0
GMKN;D;20180410;000000;9241;9998;9100;9810;704827;0
GMKN;D;20180411;000000;9810;10343;9661;9888;412500;0
GMKN;D;20180412;000000;9904;10376;9659;10376;421598;0
GMKN;D;20180413;000000;10366;10570;10250;10490;319193;0
GMKN;D;20180416;000000;10257;10678;9778;9900;579958;0
GMKN;D;20180417;000000;10290;10370;10061;10229;280568;0
GMKN;D;20180418;000000;10255;10672;10210;10672;369132;0
GMKN;D;20180419;000000;10750;11075;10520;10685;419353;0
GMKN;D;20180420;000000;10680;10730;10525;10615;130200;0
GMKN;D;20180423;000000;10606;10890;10405;10875;333633;0
GMKN;D;20180424;000000;10910;10932;10727;10860;127826;0
GMKN;D;20180425;000000;10800;10888;10720;10803;126880;0
GMKN;D;20180426;000000;10800;10988;10757;10988;177613;0
GMKN;D;20180427;000000;10980;11000;10777;10989;140218;0
GMKN;D;20180428;000000;10915;10950;10881;10949;22800;0
GMKN;D;20180430;000000;10964;10985;10806;10814;78840;0
GMKN;D;20180502;000000;10834;11115;10801;11040;149927;0
GMKN;D;20180503;000000;11010;11098;10856;10856;129166;0
GMKN;D;20180504;000000;10904;11030;10875;10996;107509;0
GMKN;D;20180507;000000;11045;11210;11035;11150;99572;0
GMKN;D;20180508;000000;11152;11154;10873;11094;226038;0
GMKN;D;20180510;000000;11052;11065;10665;10730;346173;0
GMKN;D;20180511;000000;10760;10828;10664;10729;113787;0
GMKN;D;20180514;000000;10753;10789;10628;10778;117470;0
GMKN;D;20180515;000000;10778;10935;10665;10915;207128;0
GMKN;D;20180516;000000;10900;11010;10780;10800;170440;0
GMKN;D;20180517;000000;10834;10839;10732;10790;195561;0
GMKN;D;20180518;000000;10796;10846;10706;10732;130733;0
GMKN;D;20180521;000000;10754;11047;10754;10922;170146;0
GMKN;D;20180522;000000;10920;11075;10832;10998;138432;0
GMKN;D;20180523;000000;10934;11019;10850;10850;124678;0
GMKN;D;20180524;000000;10886;10977;10821;10880;90659;0
GMKN;D;20180525;000000;11000;11109;10941;11090;191996;0
GMKN;D;20180528;000000;11052;11174;11052;11170;51596;0
GMKN;D;20180529;000000;11168;11197;11043;11144;105257;0
GMKN;D;20180530;000000;11143;11259;11012;11066;171748;0
GMKN;D;20180531;000000;11100;11182;11023;11111;246035;0
GMKN;D;20180601;000000;11142;11363;11075;11150;166033;0
GMKN;D;20180604;000000;11197;11474;11197;11474;116148;0
GMKN;D;20180605;000000;11480;11590;11418;11551;97779;0
GMKN;D;20180606;000000;11544;11640;11421;11640;131771;0
GMKN;D;20180607;000000;11614;11739;11520;11644;103493;0
GMKN;D;20180608;000000;11640;11735;11355;11355;182587;0
GMKN;D;20180609;000000;11400;11490;11391;11484;17569;0
GMKN;D;20180611;000000;11458;11590;11380;11500;54759;0
GMKN;D;20180613;000000;11490;11565;11273;11275;140290;0
GMKN;D;20180614;000000;11268;11295;11085;11161;135422;0
GMKN;D;20180615;000000;11173;11252;11058;11066;188707;0
GMKN;D;20180618;000000;11050;11165;11011;11051;99711;0
GMKN;D;20180619;000000;11028;11200;10861;11126;185359;0
GMKN;D;20180620;000000;11147;11350;11147;11243;176729;0
GMKN;D;20180621;000000;11250;11342;11210;11224;113834;0
GMKN;D;20180622;000000;11270;11383;11200;11222;121710;0
GMKN;D;20180625;000000;11202;11487;11201;11285;126424;0
GMKN;D;20180626;000000;11305;11400;11207;11222;60294;0
GMKN;D;20180627;000000;11207;11270;11053;11100;229682;0
GMKN;D;20180628;000000;11260;11300;11080;11115;160038;0
GMKN;D;20180629;000000;11171;11399;11151;11399;160841;0
GMKN;D;20180702;000000;11349;11624;11304;11600;159066;0
GMKN;D;20180703;000000;11623;11645;11464;11540;106325;0
GMKN;D;20180704;000000;11550;11602;11438;11458;110518;0
GMKN;D;20180705;000000;11479;11600;11381;11566;241193;0
GMKN;D;20180706;000000;11560;11747;11531;11698;149735;0
GMKN;D;20180709;000000;11750;11884;11650;11799;181814;0
GMKN;D;20180710;000000;11807;11868;11650;11725;174576;0
GMKN;D;20180711;000000;11648;11648;11260;11260;355172;0
GMKN;D;20180712;000000;11350;11389;11201;11359;207277;0
GMKN;D;20180713;000000;11349;11480;11301;11398;298366;0
GMKN;D;20180716;000000;10928;10969;10631;10680;283577;0
GMKN;D;20180717;000000;10676;10676;10470;10610;183005;0
GMKN;D;20180718;000000;10621;10667;10475;10574;192873;0
GMKN;D;20180719;000000;10560;10590;10280;10350;162950;0
GMKN;D;20180720;000000;10350;10447;10174;10255;178627;0
GMKN;D;20180723;000000;10278;10434;10220;10314;99215;0
GMKN;D;20180724;000000;10353;10790;10339;10760;281521;0
GMKN;D;20180725;000000;10699;10882;10569;10845;149453;0
GMKN;D;20180726;000000;10870;10939;10737;10827;146296;0
GMKN;D;20180727;000000;10800;10871;10669;10848;107176;0
GMKN;D;20180730;000000;10815;10935;10740;10866;98438;0
GMKN;D;20180731;000000;10850;10939;10725;10882;136221;0
GMKN;D;20180801;000000;10879;10903;10760;10782;80940;0
GMKN;D;20180802;000000;10746;10781;10592;10700;125542;0
GMKN;D;20180803;000000;10669;10814;10517;10814;110346;0
GMKN;D;20180806;000000;10781;10840;10652;10770;77641;0
GMKN;D;20180807;000000;10780;10847;10715;10830;84244;0
GMKN;D;20180808;000000;10830;10850;10650;10830;183061;0
GMKN;D;20180809;000000;10820;10999;10735;10999;276646;0
GMKN;D;20180810;000000;10600;10800;10486;10800;438241;0
GMKN;D;20180813;000000;10750;11100;10737;11005;295847;0
GMKN;D;20180814;000000;11105;11191;10926;10990;246374;0
GMKN;D;20180815;000000;10972;11000;10861;11000;251786;0
GMKN;D;20180816;000000;11000;11067;10844;10901;143735;0
GMKN;D;20180817;000000;10928;10978;10780;10821;152735;0
GMKN;D;20180820;000000;10861;11000;10839;10950;154134;0
GMKN;D;20180821;000000;10974;11015;10891;10930;120879;0
GMKN;D;20180822;000000;10946;11074;10896;11074;199744;0
GMKN;D;20180823;000000;11033;11137;10921;10950;149341;0
GMKN;D;20180824;000000;10932;11035;10910;11015;93237;0
GMKN;D;20180827;000000;11030;11072;10986;11072;66020;0
GMKN;D;20180828;000000;11062;11337;11060;11250;279584;0
GMKN;D;20180829;000000;11250;11382;11230;11338;127005;0
GMKN;D;20180830;000000;11379;11385;11214;11262;136298;0
GMKN;D;20180831;000000;11240;11309;11182;11220;124634;0
GMKN;D;20180903;000000;11223;11323;11200;11287;63303;0
GMKN;D;20180904;000000;11270;11324;11157;11250;92994;0
GMKN;D;20180905;000000;11235;11239;11136;11136;94281;0
GMKN;D;20180906;000000;11155;11305;11125;11206;101802;0
GMKN;D;20180907;000000;11209;11298;11118;11200;100714;0
GMKN;D;20180910;000000;11220;11368;11211;11365;113217;0
GMKN;D;20180911;000000;11333;11480;11290;11456;176167;0
GMKN;D;20180912;000000;11449;11568;11421;11565;115130;0
GMKN;D;20180913;000000;11561;11670;11526;11637;99802;0
GMKN;D;20180914;000000;11650;11650;11505;11525;92199;0
GMKN;D;20180917;000000;11520;11540;11353;11540;116783;0
GMKN;D;20180918;000000;11520;11630;11510;11587;106280;0
GMKN;D;20180919;000000;11600;11790;11540;11651;225489;0
GMKN;D;20180920;000000;11660;11838;11594;11705;277405;0
GMKN;D;20180921;000000;11740;12073;11730;12073;331882;0
GMKN;D;20180924;000000;12065;12144;11757;11916;218705;0
GMKN;D;20180925;000000;11900;11979;11801;11957;166883;0
GMKN;D;20180926;000000;11957;11997;11880;11886;105311;0
GMKN;D;20180927;000000;11875;11930;11757;11830;325272;0
GMKN;D;20180928;000000;11170;11459;11101;11388;319711;0
GMKN;D;20181001;000000;11430;11529;11251;11307;157040;0
GMKN;D;20181002;000000;11339;11393;11156;11229;124820;0
GMKN;D;20181003;000000;11201;11506;11201;11365;168263;0
GMKN;D;20181004;000000;11410;11444;11307;11416;100227;0
GMKN;D;20181005;000000;11409;11410;11247;11292;89003;0
GMKN;D;20181008;000000;11328;11399;11290;11321;78365;0
GMKN;D;20181009;000000;11342;11509;11326;11403;89928;0
GMKN;D;20181010;000000;11420;11650;11351;11376;183574;0
GMKN;D;20181011;000000;11220;11285;11114;11253;180587;0
GMKN;D;20181012;000000;11290;11326;11143;11170;150419;0
GMKN;D;20181015;000000;11150;11176;11011;11088;169603;0
GMKN;D;20181016;000000;11099;11264;11055;11264;135591;0
GMKN;D;20181017;000000;11266;11470;11254;11430;110894;0
GMKN;D;20181018;000000;11423;11423;11257;11360;107482;0
GMKN;D;20181019;000000;11367;11486;11285;11378;140920;0
GMKN;D;20181022;000000;11400;11580;11280;11291;136901;0
GMKN;D;20181023;000000;11275;11289;11061;11061;129644;0
GMKN;D;20181024;000000;11111;11230;11025;11025;168742;0
GMKN;D;20181025;000000;10998;11075;10870;10902;191301;0
GMKN;D;20181026;000000;10871;10914;10570;10650;203007;0
GMKN;D;20181029;000000;10639;10770;10555;10679;97835;0
GMKN;D;20181030;000000;10657;10767;10611;10702;110161;0
GMKN;D;20181031;000000;10749;11000;10740;11000;154248;0
GMKN;D;20181101;000000;10950;11250;10910;11250;188803;0
GMKN;D;20181102;000000;11261;11470;11235;11470;284532;0
GMKN;D;20181106;000000;11430;11588;11322;11565;134997;0
GMKN;D;20181107;000000;11542;11695;11461;11695;149226;0
GMKN;D;20181108;000000;11663;11750;11571;11698;121490;0
GMKN;D;20181109;000000;11633;11693;11530;11689;169263;0
GMKN;D;20181112;000000;11700;11705;11595;11608;74889;0
GMKN;D;20181113;000000;11610;11717;11560;11608;96614;0
GMKN;D;20181114;000000;11573;11685;11521;11683;93587;0
GMKN;D;20181115;000000;11692;11869;11633;11701;135387;0
GMKN;D;20181116;000000;11744;11812;11578;11714;117392;0
GMKN;D;20181119;000000;11720;11849;11691;11746;106234;0
GMKN;D;20181120;000000;11710;11760;11595;11742;103815;0
GMKN;D;20181121;000000;11689;11840;11661;11820;111062;0
GMKN;D;20181122;000000;11820;11900;11750;11876;105446;0
GMKN;D;20181123;000000;11849;11984;11788;11954;129948;0
GMKN;D;20181126;000000;11954;12026;11617;11959;214972;0
GMKN;D;20181127;000000;11955;12379;11947;12379;260687;0
GMKN;D;20181128;000000;12351;12795;12321;12770;247852;0
GMKN;D;20181129;000000;12781;12970;12651;12691;219933;0
GMKN;D;20181130;000000;12670;12789;12553;12738;233490;0
GMKN;D;20181203;000000;12788;12992;12702;12817;132646;0
GMKN;D;20181204;000000;12797;12887;12472;12666;205111;0
GMKN;D;20181205;000000;12571;12820;12479;12820;143467;0
GMKN;D;20181206;000000;12711;12774;12572;12699;92203;0
GMKN;D;20181207;000000;12720;12754;12650;12745;96898;0
GMKN;D;20181210;000000;12700;12811;12622;12630;101237;0
GMKN;D;20181211;000000;12630;12783;12531;12738;120684;0
GMKN;D;20181212;000000;12799;12934;12703;12890;130243;0
GMKN;D;20181213;000000;12902;13232;12875;13220;203228;0
GMKN;D;20181214;000000;13219;13220;13054;13160;101435;0
GMKN;D;20181217;000000;13111;13490;13111;13349;144401;0
GMKN;D;20181218;000000;13210;13324;13133;13212;135896;0
GMKN;D;20181219;000000;13229;13229;12941;13125;154270;0
GMKN;D;20181220;000000;13100;13217;12905;13217;169667;0
GMKN;D;20181221;000000;13160;13177;12913;13014;157198;0
GMKN;D;20181224;000000;12997;13010;12721;12783;61743;0
GMKN;D;20181225;000000;12701;12702;12461;12555;58631;0
GMKN;D;20181226;000000;12562;12893;12562;12867;69071;0
GMKN;D;20181227;000000;12996;12996;12816;12889;99165;0
GMKN;D;20181228;000000;12953;13155;12894;13073;83656;0
GMKN;D;20181229;000000;13131;13131;12951;13039;18666;0
GMKN;D;20190103;000000;12978;13043;12851;12993;63500;0
GMKN;D;20190104;000000;13021;13075;12934;13070;57889;0
GMKN;D;20190108;000000;13094;13128;13030;13128;79771;0
GMKN;D;20190109;000000;13175;13317;13163;13229;90514;0
GMKN;D;20190110;000000;13235;13343;13137;13343;106387;0
GMKN;D;20190111;000000;13353;13545;13308;13437;129198;0
GMKN;D;20190114;000000;13355;13435;13277;13389;86132;0
GMKN;D;20190115;000000;13400;13461;13223;13389;140167;0
GMKN;D;20190116;000000;13387;13387;13142;13180;83212;0
GMKN;D;20190117;000000;13200;13309;13069;13282;144099;0
GMKN;D;20190118;000000;13334;13379;13211;13359;86962;0
GMKN;D;20190121;000000;13375;13375;13309;13353;46764;0
GMKN;D;20190122;000000;13317;13338;13233;13306;105402;0
GMKN;D;20190123;000000;13319;13402;13256;13378;108996;0
GMKN;D;20190124;000000;13365;13444;13285;13369;114448;0
GMKN;D;20190125;000000;13375;13472;13272;13312;123274;0
GMKN;D;20190128;000000;13315;13336;13061;13089;104404;0
GMKN;D;20190129;000000;13100;13260;13001;13260;117525;0
GMKN;D;20190130;000000;13259;13639;13192;13639;236099;0
GMKN;D;20190131;000000;13665;13900;13596;13596;227174;0
GMKN;D;20190201;000000;13600;13758;13500;13534;133178;0
GMKN;D;20190204;000000;13534;13626;13480;13500;76455;0
GMKN;D;20190205;000000;13570;13694;13500;13588;89284;0
GMKN;D;20190206;000000;13590;13788;13586;13690;117511;0
GMKN;D;20190207;000000;13680;13716;13564;13650;91653;0
GMKN;D;20190208;000000;13608;13738;13584;13732;66037;0
GMKN;D;20190211;000000;13720;13788;13684;13702;91234;0
GMKN;D;20190212;000000;13754;13790;13720;13780;85666;0
GMKN;D;20190213;000000;13798;13798;13542;13552;97090;0
GMKN;D;20190214;000000;13468;13758;13468;13740;128354;0
GMKN;D;20190215;000000;13752;13888;13676;13750;135615;0
GMKN;D;20190218;000000;13750;13750;13556;13660;97459;0
GMKN;D;20190219;000000;13668;13800;13584;13800;106316;0
GMKN;D;20190220;000000;13820;14258;13804;14250;218195;0
GMKN;D;20190221;000000;14260;14260;13964;14052;132272;0
GMKN;D;20190222;000000;14050;14182;13996;14122;94813;0
GMKN;D;20190225;000000;14140;14606;14140;14594;245286;0
GMKN;D;20190226;000000;14578;14658;14370;14420;202346;0
GMKN;D;20190227;000000;14440;14530;14182;14302;127092;0
GMKN;D;20190228;000000;14300;14322;14090;14114;177201;0
GMKN;D;20190301;000000;14174;14240;14066;14100;102022;0
GMKN;D;20190304;000000;14116;14116;13788;13794;162320;0
GMKN;D;20190305;000000;13720;13804;13632;13770;114161;0
GMKN;D;20190306;000000;13832;14526;13832;14442;318763;0
GMKN;D;20190307;000000;14450;14596;14350;14442;241602;0
GMKN;D;20190311;000000;14370;14434;14046;14100;342661;0
GMKN;D;20190312;000000;14226;14468;14176;14380;262723;0
GMKN;D;20190313;000000;13780;14002;13756;13850;1373068;0
GMKN;D;20190314;000000;13872;14000;13850;13952;367362;0
GMKN;D;20190315;000000;13990;14226;13990;14226;297592;0
GMKN;D;20190318;000000;14226;14300;14104;14284;249663;0
GMKN;D;20190319;000000;14310;14420;14250;14350;233372;0
GMKN;D;20190320;000000;14392;14434;14226;14316;244040;0
GMKN;D;20190321;000000;14316;14350;14156;14290;220577;0
GMKN;D;20190322;000000;14300;14328;14176;14280;155512;0
GMKN;D;20190325;000000;14224;14336;14106;14280;173100;0
GMKN;D;20190326;000000;14334;14400;14240;14300;245623;0
GMKN;D;20190327;000000;14100;14154;13776;13874;442842;0
GMKN;D;20190328;000000;13846;13898;13402;13436;375900;0
GMKN;D;20190329;000000;13456;13730;13420;13720;217769;0
GMKN;D;20190401;000000;13720;14064;13712;13994;168977;0
GMKN;D;20190402;000000;13998;14194;13990;14160;185077;0
GMKN;D;20190403;000000;14200;14290;14070;14186;233583;0
GMKN;D;20190404;000000;14172;14288;14124;14288;130839;0
GMKN;D;20190405;000000;14280;14400;14266;14332;160356;0
GMKN;D;20190408;000000;14340;14420;14258;14348;94575;0
GMKN;D;20190409;000000;14348;14416;14258;14400;131574;0
GMKN;D;20190410;000000;14392;14528;14332;14440;96599;0
GMKN;D;20190411;000000;14448;14448;14152;14230;107842;0
GMKN;D;20190412;000000;14230;14458;14172;14418;115388;0
GMKN;D;20190415;000000;14418;14438;14326;14392;56811;0
GMKN;D;20190416;000000;14406;14600;14354;14558;144893;0
GMKN;D;20190417;000000;14530;14630;14476;14600;90210;0
GMKN;D;20190418;000000;14600;14600;14382;14510;113999;0
GMKN;D;20190419;000000;14484;14548;14474;14510;23758;0
GMKN;D;20190422;000000;14550;14588;14524;14528;23662;0
GMKN;D;20190423;000000;14528;14544;14334;14430;84440;0
GMKN;D;20190424;000000;14428;14444;14198;14316;105596;0
GMKN;D;20190425;000000;14288;14480;14182;14470;122181;0
GMKN;D;20190426;000000;14448;14726;14382;14720;137838;0
GMKN;D;20190429;000000;14680;14796;14450;14490;79816;0
GMKN;D;20190430;000000;14540;14540;14212;14342;155974;0
GMKN;D;20190502;000000;14316;14320;14200;14280;63089;0
GMKN;D;20190503;000000;14300;14380;14200;14238;100897;0
GMKN;D;20190506;000000;14190;14400;14080;14400;84374;0
GMKN;D;20190507;000000;14360;14438;14152;14152;118566;0
GMKN;D;20190508;000000;14160;14200;14090;14108;144960;0
GMKN;D;20190510;000000;14098;14134;13868;13922;123254;0
GMKN;D;20190513;000000;13900;14064;13896;13970;115260;0
GMKN;D;20190514;000000;14060;14164;13930;13954;127003;0
GMKN;D;20190515;000000;13980;14014;13800;13800;134528;0
GMKN;D;20190516;000000;13830;13898;13560;13560;132025;0
GMKN;D;20190517;000000;13598;13780;13568;13590;118662;0
GMKN;D;20190520;000000;13610;13634;13352;13358;156682;0
GMKN;D;20190521;000000;13400;13598;13400;13548;168817;0
GMKN;D;20190522;000000;13550;13884;13524;13782;159960;0
GMKN;D;20190523;000000;13752;13752;13466;13520;140682;0
GMKN;D;20190524;000000;13564;13724;13564;13602;107275;0
GMKN;D;20190527;000000;13648;13726;13642;13710;36823;0
GMKN;D;20190528;000000;13758;13846;13638;13640;281547;0
GMKN;D;20190529;000000;13660;13766;13650;13708;118416;0
GMKN;D;20190530;000000;13750;13762;13636;13700;121323;0
GMKN;D;20190531;000000;13670;13718;13610;13718;146326;0
GMKN;D;20190603;000000;13704;13808;13676;13770;128218;0
GMKN;D;20190604;000000;13756;13818;13700;13796;190569;0
GMKN;D;20190605;000000;13800;13818;13694;13772;156504;0
GMKN;D;20190606;000000;13772;13850;13728;13850;150923;0
GMKN;D;20190607;000000;13890;13940;13770;13802;194939;0
GMKN;D;20190610;000000;13830;13852;13516;13852;404887;0
GMKN;D;20190611;000000;13866;14392;13808;14304;326304;0
GMKN;D;20190613;000000;14354;14676;14342;14676;224066;0
GMKN;D;20190614;000000;14600;14736;14564;14602;128458;0
GMKN;D;20190617;000000;14596;14700;14458;14506;121266;0
GMKN;D;20190618;000000;14506;14750;14504;14750;147049;0
GMKN;D;20190619;000000;14770;14868;14654;14868;184590;0
GMKN;D;20190620;000000;14300;14310;14112;14224;332840;0
GMKN;D;20190621;000000;14238;14426;14180;14180;268112;0
GMKN;D;20190624;000000;14218;14332;14180;14272;80951;0
GMKN;D;20190625;000000;14244;14256;13870;14060;152956;0
GMKN;D;20190626;000000;14020;14198;14020;14148;115469;0
GMKN;D;20190627;000000;14148;14190;14016;14168;80314;0
GMKN;D;20190628;000000;14172;14374;14114;14308;105438;0
GMKN;D;20190701;000000;14350;14452;14208;14236;102008;0
GMKN;D;20190702;000000;14230;14420;14140;14420;109210;0
GMKN;D;20190703;000000;14362;14524;14324;14432;115920;0
GMKN;D;20190704;000000;14370;14456;14262;14280;90254;0
GMKN;D;20190705;000000;14292;14450;14240;14450;101201;0
GMKN;D;20190708;000000;14388;14430;14312;14366;64111;0
GMKN;D;20190709;000000;14356;14400;14254;14292;84789;0
GMKN;D;20190710;000000;14308;14414;14106;14270;136616;0
GMKN;D;20190711;000000;14314;14318;14086;14146;73271;0
GMKN;D;20190712;000000;14122;14198;14030;14194;51841;0
GMKN;D;20190715;000000;14264;14284;14134;14266;52839;0
GMKN;D;20190716;000000;14210;14446;14190;14440;127211;0
GMKN;D;20190717;000000;14404;14688;14354;14480;135347;0
GMKN;D;20190718;000000;14452;14770;14432;14770;188174;0
GMKN;D;20190719;000000;14770;15218;14742;14902;230709;0
GMKN;D;20190722;000000;14950;14964;14652;14652;99953;0
GMKN;D;20190723;000000;14680;14798;14574;14668;85032;0
GMKN;D;20190724;000000;14738;14738;14534;14648;78683;0
GMKN;D;20190725;000000;14642;14642;14508;14590;105295;0
GMKN;D;20190726;000000;14590;14590;14340;14392;186563;0
GMKN;D;20190729;000000;14396;14544;14380;14416;65460;0
GMKN;D;20190730;000000;14450;14510;14326;14510;97139;0
GMKN;D;20190731;000000;14502;14696;14424;14646;109089;0
GMKN;D;20190801;000000;14582;14628;14382;14448;91505;0
GMKN;D;20190802;000000;14340;14532;14262;14320;127956;0
GMKN;D;20190805;000000;14330;14366;14072;14192;168590;0
GMKN;D;20190806;000000;14206;14530;14196;14482;165452;0
GMKN;D;20190807;000000;14454;14820;14422;14700;191697;0
GMKN;D;20190808;000000;14842;15136;14842;15084;325201;0
GMKN;D;20190809;000000;15040;15180;14790;14800;179733;0
GMKN;D;20190812;000000;14800;15080;14718;15024;182642;0
GMKN;D;20190813;000000;14982;15140;14850;14858;161466;0
GMKN;D;20190814;000000;14888;14984;14732;14804;141560;0
GMKN;D;20190815;000000;14848;14956;14752;14924;151243;0
GMKN;D;20190816;000000;14978;15014;14652;14652;130367;0
GMKN;D;20190819;000000;14720;14884;14704;14758;110333;0
GMKN;D;20190820;000000;14838;15190;14780;15150;230916;0
GMKN;D;20190821;000000;15188;15188;15052;15120;127368;0
GMKN;D;20190822;000000;15144;15500;15056;15460;238959;0
GMKN;D;20190823;000000;15472;15558;15382;15382;157237;0
GMKN;D;20190826;000000;15260;15466;15232;15340;117676;0
GMKN;D;20190827;000000;15380;15444;15268;15386;248236;0
GMKN;D;20190828;000000;15450;15468;15350;15430;257618;0
GMKN;D;20190829;000000;15480;15586;15434;15558;189931;0
GMKN;D;20190830;000000;15548;16250;15522;16088;757684;0
GMKN;D;20190902;000000;16250;16588;16250;16500;366664;0
GMKN;D;20190903;000000;16500;16588;16260;16340;250675;0
GMKN;D;20190904;000000;16448;16544;16400;16500;162851;0
GMKN;D;20190905;000000;16550;16572;16190;16390;221273;0
GMKN;D;20190906;000000;16400;16400;16114;16198;155239;0
GMKN;D;20190909;000000;16218;16230;15934;15940;174599;0
GMKN;D;20190910;000000;15960;16000;15806;15944;185697;0
GMKN;D;20190911;000000;15954;16050;15858;16004;191094;0
GMKN;D;20190912;000000;16010;16062;15802;15950;207615;0
GMKN;D;20190913;000000;15964;15964;15650;15650;175111;0
GMKN;D;20190916;000000;15686;15866;15498;15846;195133;0
GMKN;D;20190917;000000;15802;15938;15736;15830;132418;0
GMKN;D;20190918;000000;15826;16100;15788;16100;149903;0
GMKN;D;20190919;000000;16100;16148;15908;15954;159671;0
GMKN;D;20190920;000000;15988;16128;15908;16128;131404;0
GMKN;D;20190923;000000;16110;16350;16094;16308;161246;0
GMKN;D;20190924;000000;16320;16328;16076;16096;131085;0
GMKN;D;20190925;000000;16090;16272;16022;16272;125095;0
GMKN;D;20190926;000000;16300;16426;16246;16388;110627;0
GMKN;D;20190927;000000;16400;16564;16346;16468;116188;0
GMKN;D;20190930;000000;16530;16696;16456;16686;181392;0
GMKN;D;20191001;000000;16738;16750;16492;16720;151765;0
GMKN;D;20191002;000000;16720;16722;16570;16670;163279;0
GMKN;D;20191003;000000;16650;16716;16502;16602;188585;0
GMKN;D;20191004;000000;15826;15940;15784;15894;174522;0
GMKN;D;20191007;000000;15894;16174;15822;16048;159249;0
GMKN;D;20191008;000000;16002;16062;15902;16030;102244;0
GMKN;D;20191009;000000;16034;16264;16006;16104;167833;0
GMKN;D;20191010;000000;16106;16188;16002;16140;115085;0
GMKN;D;20191011;000000;16142;16162;16026;16078;90645;0
GMKN;D;20191014;000000;16030;16080;15908;15940;100874;0
GMKN;D;20191015;000000;15900;16034;15834;16022;127726;0
GMKN;D;20191016;000000;16088;16192;16024;16156;112887;0
GMKN;D;20191017;000000;16152;16190;16052;16170;86758;0
GMKN;D;20191018;000000;16160;16274;16090;16250;84205;0
GMKN;D;20191021;000000;16250;16344;16152;16306;82409;0
GMKN;D;20191022;000000;16284;16530;16082;16462;306316;0
GMKN;D;20191023;000000;16500;16544;16372;16544;92973;0
GMKN;D;20191024;000000;16542;17130;16490;17130;199042;0
GMKN;D;20191025;000000;17150;17290;16952;17200;185156;0
GMKN;D;20191028;000000;17200;18400;17200;17714;473057;0
GMKN;D;20191029;000000;17756;17950;17504;17948;195041;0
GMKN;D;20191030;000000;17900;18192;17830;18192;193096;0
GMKN;D;20191031;000000;18242;18336;17780;17888;244270;0
GMKN;D;20191101;000000;17898;18220;17720;18186;196446;0
GMKN;D;20191105;000000;18200;18244;17980;18140;114110;0
GMKN;D;20191106;000000;18102;18304;18004;18304;178622;0
GMKN;D;20191107;000000;18500;18736;18304;18706;294082;0
GMKN;D;20191108;000000;18776;18798;18402;18520;185053;0
GMKN;D;20191111;000000;18502;18638;17994;18112;318654;0
GMKN;D;20191112;000000;18022;18088;17530;17642;330909;0
GMKN;D;20191113;000000;17600;17612;17364;17422;183983;0
GMKN;D;20191114;000000;17390;17770;17230;17426;235993;0
GMKN;D;20191115;000000;17450;17726;17450;17680;137495;0
GMKN;D;20191118;000000;17692;17838;17318;17358;236018;0
GMKN;D;20191119;000000;17252;17636;17212;17592;190906;0
GMKN;D;20191120;000000;17540;17646;17382;17646;111228;0
GMKN;D;20191121;000000;17634;17744;17502;17658;126398;0
GMKN;D;20191122;000000;17600;17758;17414;17476;144022;0
GMKN;D;20191125;000000;17500;17568;17260;17344;150323;0
GMKN;D;20191126;000000;17356;17482;17220;17240;294792;0
GMKN;D;20191127;000000;17230;17320;17106;17212;101906;0
GMKN;D;20191128;000000;17188;17270;16508;17172;151293;0
GMKN;D;20191129;000000;17104;17152;17000;17046;107488;0
GMKN;D;20191202;000000;17020;17240;16910;17094;214750;0
GMKN;D;20191203;000000;17122;17460;17066;17304;222003;0
GMKN;D;20191204;000000;17304;17446;17200;17246;120291;0
GMKN;D;20191205;000000;17318;17632;17262;17622;169577;0
GMKN;D;20191206;000000;17648;18048;17636;18048;221275;0
GMKN;D;20191209;000000;18056;18468;18006;18420;201556;0
GMKN;D;20191210;000000;18440;18478;18024;18478;207787;0
GMKN;D;20191211;000000;18482;18712;18376;18678;196400;0
GMKN;D;20191212;000000;18720;19158;18664;18928;272946;0
GMKN;D;20191213;000000;18988;19494;18940;19474;276159;0
GMKN;D;20191216;000000;19500;19978;19418;19722;319268;0
GMKN;D;20191217;000000;19750;19796;19412;19504;290111;0
GMKN;D;20191218;000000;19500;19626;19222;19626;275874;0
GMKN;D;20191219;000000;19610;19850;19600;19796;209622;0
GMKN;D;20191220;000000;19814;19926;19758;19776;157717;0
GMKN;D;20191223;000000;19676;19748;19490;19676;187227;0
GMKN;D;20191224;000000;19628;19680;19524;19630;88870;0
GMKN;D;20191225;000000;19680;19890;19378;19890;114177;0
GMKN;D;20191226;000000;19346;19356;19106;19220;193910;0
GMKN;D;20191227;000000;19202;19350;19202;19292;110995;0
GMKN;D;20191230;000000;19324;19388;19102;19102;124532;0
GMKN;D;20200103;000000;19240;19472;19140;19448;131051;0
GMKN;D;20200106;000000;19462;19620;19372;19588;96811;0
GMKN;D;20200108;000000;19584;19850;19468;19850;139570;0
GMKN;D;20200109;000000;19860;19906;19642;19838;173503;0
GMKN;D;20200110;000000;19830;19906;19668;19878;104750;0
GMKN;D;20200113;000000;19920;20380;19850;20362;234749;0
GMKN;D;20200114;000000;20402;20546;19918;20000;288599;0
GMKN;D;20200115;000000;20040;20458;20012;20396;230589;0
GMKN;D;20200116;000000;20524;20900;20424;20900;208562;0
GMKN;D;20200117;000000;20900;21538;20838;21524;350024;0
GMKN;D;20200120;000000;21796;22100;21650;21850;270709;0
GMKN;D;20200121;000000;21750;21768;21450;21450;180180;0
GMKN;D;20200122;000000;21600;21686;21176;21310;198071;0
GMKN;D;20200123;000000;21310;21622;21010;21146;203209;0
GMKN;D;20200124;000000;21206;21552;21150;21188;154267;0
GMKN;D;20200127;000000;20938;21168;20820;21100;222224;0
GMKN;D;20200128;000000;21142;21416;21004;21282;197248;0
GMKN;D;20200129;000000;21374;21468;21200;21230;190616;0
GMKN;D;20200130;000000;21128;21240;20870;20880;165825;0
GMKN;D;20200131;000000;21084;21186;20584;20800;195058;0
GMKN;D;20200203;000000;20718;20778;20366;20410;225292;0
GMKN;D;20200204;000000;20540;21124;20540;20898;398839;0
GMKN;D;20200205;000000;21068;21400;20870;21316;304157;0
GMKN;D;20200206;000000;21502;21666;21230;21240;211770;0
GMKN;D;20200207;000000;21118;21362;21054;21200;199490;0
GMKN;D;20200210;000000;21334;21456;21162;21442;184448;0
GMKN;D;20200211;000000;21558;21942;21480;21910;186679;0
GMKN;D;20200212;000000;21960;21994;21754;21966;161456;0
GMKN;D;20200213;000000;21916;22000;21470;21510;234826;0
GMKN;D;20200214;000000;21550;21628;21204;21530;151091;0
GMKN;D;20200217;000000;21612;21818;21562;21790;96350;0
GMKN;D;20200218;000000;21780;21946;21702;21818;143826;0
GMKN;D;20200219;000000;22130;22698;22130;22520;312185;0
GMKN;D;20200220;000000;22600;22622;22180;22342;235282;0
GMKN;D;20200221;000000;22200;22434;22184;22220;119480;0
GMKN;D;20200225;000000;21702;22088;21550;21554;278760;0
GMKN;D;20200226;000000;21502;22200;21322;21826;394548;0
GMKN;D;20200227;000000;21700;22028;21160;21238;344212;0
GMKN;D;20200228;000000;20710;21118;19960;20250;641310;0
GMKN;D;20200302;000000;20650;20994;19660;20160;526810;0
GMKN;D;20200303;000000;20568;20940;20300;20714;363884;0
GMKN;D;20200304;000000;20670;20898;20502;20756;243363;0
GMKN;D;20200305;000000;20870;20998;20524;20780;257397;0
GMKN;D;20200306;000000;20476;21886;19714;21762;812696;0
GMKN;D;20200310;000000;21100;23656;20500;21230;898046;0
GMKN;D;20200311;000000;21718;22474;20066;20238;597040;0
GMKN;D;20200312;000000;19770;20000;17776;18500;850059;0
GMKN;D;20200313;000000;18194;19588;17652;18038;776903;0
GMKN;D;20200316;000000;18200;18218;16014;17090;706409;0
GMKN;D;20200317;000000;16890;17418;16224;17180;616208;0
GMKN;D;20200318;000000;16852;16916;15500;15500;590262;0
GMKN;D;20200319;000000;15600;16298;14200;16252;789106;0
GMKN;D;20200320;000000;16838;17732;16312;16358;715550;0
GMKN;D;20200323;000000;15720;16580;15278;16240;450423;0
GMKN;D;20200324;000000;17336;19984;17100;19028;1223350;0
GMKN;D;20200325;000000;19600;20350;18522;19930;865514;0
GMKN;D;20200326;000000;20300;20300;19000;20100;499255;0
GMKN;D;20200327;000000;20100;20274;19020;19306;459509;0
GMKN;D;20200330;000000;19100;19520;18796;19462;286741;0
GMKN;D;20200331;000000;19788;19900;19162;19518;430178;0
GMKN;D;20200401;000000;19128;19244;18830;18952;273411;0
GMKN;D;20200402;000000;19420;19492;18566;18998;466083;0
GMKN;D;20200403;000000;18900;19260;18756;19032;246728;0
GMKN;D;20200406;000000;19202;19590;19080;19590;248124;0
GMKN;D;20200407;000000;19830;20132;19616;19780;378180;0
GMKN;D;20200408;000000;19592;20164;19504;20164;299632;0
GMKN;D;20200409;000000;20350;21254;20284;21138;354186;0
GMKN;D;20200410;000000;20910;20998;20530;20650;136845;0
GMKN;D;20200413;000000;20650;20898;19980;20100;188661;0
GMKN;D;20200414;000000;20302;20872;20246;20702;262152;0
GMKN;D;20200415;000000;20566;20732;19380;19646;341963;0
GMKN;D;20200416;000000;19800;20034;19300;19520;348517;0
GMKN;D;20200417;000000;19910;19936;19606;19718;199965;0
GMKN;D;20200420;000000;19742;20112;19608;20036;151454;0
GMKN;D;20200421;000000;19736;19924;18520;19240;427040;0
GMKN;D;20200422;000000;19000;19790;18938;19614;313052;0
GMKN;D;20200423;000000;19900;20486;19516;20216;317503;0
GMKN;D;20200424;000000;20070;20520;19870;20150;272259;0
GMKN;D;20200427;000000;20300;20470;19912;20034;192937;0
GMKN;D;20200428;000000;20066;20330;19874;20054;259085;0
GMKN;D;20200429;000000;20180;20848;20030;20596;234624;0
GMKN;D;20200430;000000;20790;20876;20306;20478;227644;0
GMKN;D;20200504;000000;20236;20292;19866;20126;192882;0
GMKN;D;20200505;000000;20300;20452;19958;20034;145273;0
GMKN;D;20200506;000000;20128;20334;19920;19940;207039;0
GMKN;D;20200507;000000;19986;20324;19962;20224;251864;0
GMKN;D;20200508;000000;20320;20370;20130;20144;128791;0
GMKN;D;20200512;000000;20350;21126;20276;21016;416096;0
GMKN;D;20200513;000000;20912;20974;20650;20762;228747;0
GMKN;D;20200514;000000;20698;20862;20000;20104;285821;0
GMKN;D;20200515;000000;20376;20754;20206;20206;239403;0
GMKN;D;20200518;000000;20650;21500;20550;21474;354714;0
GMKN;D;20200519;000000;21552;21970;21360;21920;349061;0
GMKN;D;20200520;000000;21920;23158;21802;22952;419784;0
GMKN;D;20200521;000000;22952;23150;22452;22536;373584;0
GMKN;D;20200522;000000;21800;22388;21524;22002;344113;0
GMKN;D;20200525;000000;22000;22418;21786;22394;187051;0
GMKN;D;20200526;000000;22620;22840;22034;22118;226211;0
GMKN;D;20200527;000000;22098;22680;21724;22110;313626;0
GMKN;D;20200528;000000;22272;22614;22188;22544;243647;0
GMKN;D;20200529;000000;22476;22478;22012;22110;333257;0
GMKN;D;20200601;000000;22378;22412;21826;22026;235072;0
GMKN;D;20200602;000000;22120;22360;21912;22220;293054;0
GMKN;D;20200603;000000;22398;22398;21700;21824;377419;0
GMKN;D;20200604;000000;21510;21614;19738;20000;1704387;0
GMKN;D;20200605;000000;20100;20816;19950;20400;1205826;0
GMKN;D;20200608;000000;20500;20844;20150;20502;498469;0
GMKN;D;20200609;000000;20520;20642;20102;20248;283853;0
GMKN;D;20200610;000000;20304;20360;19870;20240;416696;0
GMKN;D;20200611;000000;19948;20000;19134;19482;817247;0
GMKN;D;20200615;000000;19188;19188;18712;19058;468993;0
GMKN;D;20200616;000000;19360;19912;19300;19472;443775;0
GMKN;D;20200617;000000;19546;19632;19174;19256;285786;0
GMKN;D;20200618;000000;19256;19256;18780;18926;371562;0
GMKN;D;20200619;000000;19050;19414;18920;19004;393392;0
GMKN;D;20200622;000000;18980;19150;18644;19122;245623;0
GMKN;D;20200623;000000;19012;19750;19012;19636;369226;0
GMKN;D;20200625;000000;19402;19892;19234;19850;352108;0
GMKN;D;20200626;000000;19894;20142;19546;19678;272371;0
GMKN;D;20200629;000000;19600;19600;18986;19196;451927;0
GMKN;D;20200630;000000;19190;19238;18650;18784;454814;0
GMKN;D;20200702;000000;18700;18898;18530;18754;370186;0
GMKN;D;20200703;000000;18754;19118;18726;19000;238636;0
GMKN;D;20200706;000000;19202;19378;17896;18260;872985;0
GMKN;D;20200707;000000;17952;18710;17926;18574;526365;0
GMKN;D;20200708;000000;18618;19036;18570;18970;350906;0
GMKN;D;20200709;000000;19002;19078;18422;18596;417504;0
GMKN;D;20200710;000000;18466;18712;18402;18550;234251;0
GMKN;D;20200713;000000;18450;18522;17902;17946;508191;0
GMKN;D;20200714;000000;17872;17890;17350;17826;545214;0
GMKN;D;20200715;000000;17862;18194;17692;17978;344271;0
GMKN;D;20200716;000000;17838;18222;17728;18112;255040;0
GMKN;D;20200717;000000;18120;18378;18102;18350;196249;0
GMKN;D;20200720;000000;18350;18464;18142;18394;227940;0
GMKN;D;20200721;000000;18430;18686;18320;18380;358249;0
GMKN;D;20200722;000000;18400;18400;18078;18234;283860;0
GMKN;D;20200723;000000;18294;18978;18236;18724;468996;0
GMKN;D;20200724;000000;18700;19094;18488;19060;360960;0
GMKN;D;20200727;000000;19196;19796;19128;19790;421498;0
GMKN;D;20200728;000000;19800;19826;19510;19618;257074;0
GMKN;D;20200729;000000;19618;19932;19402;19808;310938;0
GMKN;D;20200730;000000;19700;19808;19510;19620;261390;0
GMKN;D;20200731;000000;19682;19924;19530;19650;202215;0
GMKN;D;20200803;000000;19606;20128;19456;20018;284199;0
GMKN;D;20200804;000000;20070;20414;19936;20398;265632;0
GMKN;D;20200805;000000;20450;20944;20390;20886;352402;0
GMKN;D;20200806;000000;20920;21000;20712;20842;225282;0
GMKN;D;20200807;000000;20780;20800;20232;20438;292938;0
GMKN;D;20200810;000000;20400;20698;20296;20612;211014;0
GMKN;D;20200811;000000;20570;20834;20352;20426;423761;0
GMKN;D;20200812;000000;20418;20822;20308;20770;335358;0
GMKN;D;20200813;000000;20790;21136;20678;20930;385986;0
GMKN;D;20200814;000000;20864;20930;20610;20786;173887;0
GMKN;D;20200817;000000;20850;21098;20540;20710;289274;0
GMKN;D;20200818;000000;20690;20918;20504;20798;214398;0
GMKN;D;20200819;000000;20752;20820;20450;20500;286291;0
GMKN;D;20200820;000000;20440;20440;19808;19988;439094;0
GMKN;D;20200821;000000;20048;20134;19570;19942;310171;0
GMKN;D;20200824;000000;20048;20172;19818;20000;214052;0
GMKN;D;20200825;000000;20050;20130;19692;19830;189389;0
GMKN;D;20200826;000000;19804;20070;19600;19976;269592;0
GMKN;D;20200827;000000;20000;20020;19602;19670;249050;0
GMKN;D;20200828;000000;19712;19770;19300;19364;285183;0
GMKN;D;20200831;000000;19442;19672;19250;19394;402696;0
GMKN;D;20200901;000000;19450;19944;19332;19930;379657;0
GMKN;D;20200902;000000;19968;20238;19526;19916;642620;0
GMKN;D;20200903;000000;19916;20142;19786;19838;276757;0
GMKN;D;20200904;000000;19812;20004;19628;19924;269139;0
GMKN;D;20200907;000000;19910;20052;19814;20006;116644;0
GMKN;D;20200908;000000;20050;20178;19680;19890;285593;0
GMKN;D;20200909;000000;19842;19900;19602;19708;172050;0
GMKN;D;20200910;000000;19704;19804;19378;19528;250528;0
GMKN;D;20200911;000000;19500;19520;19174;19354;309456;0
GMKN;D;20200914;000000;19446;19620;19410;19492;245148;0
GMKN;D;20200915;000000;19502;19776;19450;19634;470620;0
GMKN;D;20200916;000000;19570;19588;19086;19270;687266;0
GMKN;D;20200917;000000;19168;19498;19054;19370;373103;0
GMKN;D;20200918;000000;19432;19512;19252;19300;263142;0
GMKN;D;20200921;000000;19276;19336;18542;18694;449898;0
GMKN;D;20200922;000000;18690;18868;18490;18758;291365;0
GMKN;D;20200923;000000;18750;19286;18682;18860;328750;0
GMKN;D;20200924;000000;18780;18880;18592;18780;258004;0
GMKN;D;20200925;000000;18850;18930;18556;18888;224679;0
GMKN;D;20200928;000000;18900;19010;18716;18826;178182;0
GMKN;D;20200929;000000;18800;18868;18570;18800;171856;0
GMKN;D;20200930;000000;18716;18916;18648;18762;158029;0
GMKN;D;20201001;000000;18850;18942;18708;18726;149732;0
GMKN;D;20201002;000000;18698;18916;18420;18840;286641;0
GMKN;D;20201005;000000;18904;19288;18768;19282;320850;0
GMKN;D;20201006;000000;19300;19480;18746;18782;363433;0
GMKN;D;20201007;000000;18808;18900;18554;18654;261206;0
GMKN;D;20201008;000000;18664;18996;18562;18924;203877;0
GMKN;D;20201009;000000;18988;19488;18820;19450;410354;0
GMKN;D;20201012;000000;19400;19822;19284;19534;323827;0
GMKN;D;20201013;000000;19568;19818;19440;19604;250932;0
GMKN;D;20201014;000000;19658;19880;19580;19792;165700;0
GMKN;D;20201015;000000;19732;19786;19500;19680;206074;0
GMKN;D;20201016;000000;19674;19826;19604;19682;219166;0
GMKN;D;20201019;000000;19702;19988;19672;19858;224030;0
GMKN;D;20201020;000000;19920;20276;19832;20192;318773;0
GMKN;D;20201021;000000;20200;20368;19754;19828;289889;0
GMKN;D;20201022;000000;19788;19850;19504;19672;251576;0
GMKN;D;20201023;000000;19716;19966;19540;19838;198873;0
GMKN;D;20201026;000000;19780;19838;19420;19514;280464;0
GMKN;D;20201027;000000;19502;19526;19100;19150;293322;0
GMKN;D;20201028;000000;19104;19210;18400;18548;377209;0
GMKN;D;20201029;000000;18700;19082;18486;18998;253387;0
GMKN;D;20201030;000000;18898;19112;18654;18864;234711;0
GMKN;D;20201102;000000;18892;19374;18734;19334;225672;0
GMKN;D;20201103;000000;19360;19598;19150;19512;347173;0
GMKN;D;20201105;000000;19612;19818;19526;19684;267176;0
GMKN;D;20201106;000000;19670;20200;19584;20138;341673;0
GMKN;D;20201109;000000;20348;20888;20272;20590;558981;0
GMKN;D;20201110;000000;20620;20788;20312;20626;361480;0
GMKN;D;20201111;000000;20660;20758;20382;20510;328004;0
GMKN;D;20201112;000000;20500;20610;20402;20448;154165;0
GMKN;D;20201113;000000;20530;20538;20156;20486;247144;0
GMKN;D;20201116;000000;20600;20832;20580;20780;242439;0
GMKN;D;20201117;000000;20772;20790;20420;20602;214306;0
GMKN;D;20201118;000000;20570;20850;20480;20720;193063;0
GMKN;D;20201119;000000;20700;20788;20606;20660;169828;0
GMKN;D;20201120;000000;20640;20784;20568;20734;114727;0
GMKN;D;20201123;000000;20764;21094;20764;21028;342647;0
GMKN;D;20201124;000000;21100;21592;21050;21578;279916;0
GMKN;D;20201125;000000;21550;21630;21248;21460;260985;0
GMKN;D;20201126;000000;21500;21660;21450;21570;203314;0
GMKN;D;20201127;000000;21604;21852;21458;21720;215054;0
GMKN;D;20201130;000000;21638;21840;21318;21476;407664;0
GMKN;D;20201201;000000;21576;22064;21552;21908;372752;0
GMKN;D;20201202;000000;21902;22996;21864;22906;566725;0
GMKN;D;20201203;000000;22938;23220;22720;23136;372246;0
GMKN;D;20201204;000000;23150;23400;22810;23188;304778;0
GMKN;D;20201207;000000;23146;23348;22952;23084;185994;0
GMKN;D;20201208;000000;23092;23092;22552;22842;263926;0
GMKN;D;20201209;000000;22800;23426;22786;23170;256129;0
GMKN;D;20201210;000000;23186;24050;23100;24048;392713;0
GMKN;D;20201211;000000;24084;24488;23828;24056;401829;0
GMKN;D;20201214;000000;24122;24468;23812;23944;277172;0
GMKN;D;20201215;000000;23900;24000;23382;23692;243395;0
GMKN;D;20201216;000000;23596;23772;23260;23378;227105;0
GMKN;D;20201217;000000;23430;23980;23312;23472;372410;0
GMKN;D;20201218;000000;23498;23574;23010;23438;341673;0
GMKN;D;20201221;000000;23354;23642;22938;23400;335995;0
GMKN;D;20201222;000000;23280;23948;23186;23760;264654;0
GMKN;D;20201223;000000;23200;23596;23142;23386;221917;0
GMKN;D;20201224;000000;23380;23442;23126;23220;108829;0
GMKN;D;20201225;000000;23218;23372;23152;23340;48444;0
GMKN;D;20201228;000000;23388;23730;23372;23620;136335;0
GMKN;D;20201229;000000;23700;23848;23508;23528;155817;0
GMKN;D;20201230;000000;23640;23794;23352;23682;122370;0
GMKN;D;20210104;000000;23820;24584;23812;24314;267047;0
GMKN;D;20210105;000000;24304;24698;24116;24676;211539;0
GMKN;D;20210106;000000;24660;25088;24590;25024;239292;0
GMKN;D;20210108;000000;25608;26708;25552;26544;621784;0
GMKN;D;20210111;000000;26300;27144;26008;26290;597993;0
GMKN;D;20210112;000000;26460;26620;25636;25934;390870;0
GMKN;D;20210113;000000;25934;26142;25430;25976;256299;0
GMKN;D;20210114;000000;25904;26540;25728;26432;318172;0
GMKN;D;20210115;000000;26154;26332;25612;25796;233413;0
GMKN;D;20210118;000000;25700;25980;25458;25874;216668;0
GMKN;D;20210119;000000;26000;26190;25728;25826;193506;0
GMKN;D;20210120;000000;25950;26654;25814;26550;242917;0
GMKN;D;20210121;000000;26782;26936;26060;26538;329399;0
GMKN;D;20210122;000000;26378;26378;25670;26172;338659;0
GMKN;D;20210125;000000;26300;26424;25740;25982;261504;0
GMKN;D;20210126;000000;25752;26024;25614;25768;179508;0
GMKN;D;20210127;000000;25900;25918;24826;24996;423721;0
GMKN;D;20210128;000000;24882;25280;24776;25230;280564;0
GMKN;D;20210129;000000;25050;25112;24250;24364;354521;0
GMKN;D;20210201;000000;24588;24948;24438;24866;288509;0
GMKN;D;20210202;000000;24994;25194;24682;24770;222485;0
GMKN;D;20210203;000000;24820;25488;24564;25312;318413;0
GMKN;D;20210204;000000;25350;25862;25240;25766;285893;0
GMKN;D;20210205;000000;25820;25940;24828;25478;601830;0
GMKN;D;20210208;000000;25478;25820;25466;25804;207758;0
GMKN;D;20210209;000000;25834;25990;25226;25458;285889;0
GMKN;D;20210210;000000;25376;25740;25028;25342;308827;0
GMKN;D;20210211;000000;25366;25694;25100;25432;212661;0
GMKN;D;20210212;000000;25388;25444;24878;25390;227908;0
GMKN;D;20210215;000000;25436;26370;25436;26328;303494;0
GMKN;D;20210216;000000;26370;26520;25972;26208;284086;0
GMKN;D;20210217;000000;26182;26682;26130;26488;300735;0
GMKN;D;20210218;000000;26528;26824;26332;26702;321684;0
GMKN;D;20210219;000000;26642;28224;26530;28130;576662;0
GMKN;D;20210220;000000;27868;28000;26730;27088;495926;0
GMKN;D;20210222;000000;26900;27038;25800;26156;1026319;0
GMKN;D;20210224;000000;25802;26308;24224;24846;1030385;0
GMKN;D;20210225;000000;24800;25132;23200;23204;1718063;0
GMKN;D;20210226;000000;23082;23870;22760;23502;1087035;0
GMKN;D;20210301;000000;23778;24392;23328;24268;740109;0
GMKN;D;20210302;000000;24188;24378;23550;23774;579228;0
GMKN;D;20210303;000000;23812;23932;23156;23304;727473;0
GMKN;D;20210304;000000;23152;23180;22132;22172;1096690;0
GMKN;D;20210305;000000;22316;22450;21866;22348;777434;0
GMKN;D;20210309;000000;22342;23248;22270;22954;802826;0
GMKN;D;20210310;000000;22846;23558;22714;23164;590705;0
GMKN;D;20210311;000000;23328;23456;23092;23396;408840;0
GMKN;D;20210312;000000;23448;23750;23224;23746;407833;0
GMKN;D;20210315;000000;23730;24498;23730;24114;618546;0
GMKN;D;20210316;000000;24084;24138;22276;22846;1627466;0
GMKN;D;20210317;000000;22820;23100;22304;22878;809215;0
GMKN;D;20210318;000000;22960;23240;22502;22596;634176;0
GMKN;D;20210319;000000;22600;22900;22432;22686;364317;0
GMKN;D;20210322;000000;22690;22794;22492;22766;202295;0
GMKN;D;20210323;000000;22698;22770;22210;22238;385657;0
GMKN;D;20210324;000000;22200;22256;21214;21326;994648;0
GMKN;D;20210325;000000;21260;21474;20974;21252;519680;0
GMKN;D;20210326;000000;21360;22236;21314;22206;600725;0
GMKN;D;20210329;000000;22222;23540;22222;23116;1240474;0
GMKN;D;20210330;000000;23250;23498;22784;23172;532021;0
GMKN;D;20210331;000000;23284;23844;23182;23704;652244;0
GMKN;D;20210401;000000;23804;24136;23650;23776;486770;0
GMKN;D;20210402;000000;23894;23944;23740;23860;136955;0
GMKN;D;20210405;000000;23900;23912;23362;23736;291564;0
GMKN;D;20210406;000000;23800;23878;23172;23180;380921;0
GMKN;D;20210407;000000;23030;23820;22852;23602;545222;0
GMKN;D;20210408;000000;23670;23980;23580;23924;378770;0
GMKN;D;20210409;000000;23924;24568;23802;24410;1018068;0
GMKN;D;20210412;000000;24400;25578;24246;25432;958864;0
GMKN;D;20210413;000000;25538;25678;25120;25384;497190;0
GMKN;D;20210414;000000;25470;25524;24790;24886;395273;0
GMKN;D;20210415;000000;24750;25198;24562;25112;447158;0
GMKN;D;20210416;000000;25190;25536;25124;25480;343326;0
GMKN;D;20210419;000000;25546;25650;25186;25240;270607;0
GMKN;D;20210420;000000;25262;25458;25022;25202;347344;0
GMKN;D;20210421;000000;25326;25430;25038;25308;299617;0
GMKN;D;20210422;000000;25330;25900;25262;25690;478523;0
GMKN;D;20210423;000000;25750;25932;25590;25770;321638;0
GMKN;D;20210426;000000;25800;26476;25764;26444;432685;0
GMKN;D;20210427;000000;26498;27038;25900;26952;953978;0
GMKN;D;20210428;000000;26998;27180;26078;26326;605894;0
GMKN;D;20210429;000000;26444;26650;26080;26334;332875;0
GMKN;D;20210430;000000;26238;26458;25590;25732;470031;0
GMKN;D;20210504;000000;25828;26398;25800;26202;319208;0
GMKN;D;20210505;000000;26300;26686;26232;26646;242275;0
GMKN;D;20210506;000000;26698;26908;26490;26824;284179;0
GMKN;D;20210507;000000;26868;27174;26828;27000;292769;0
GMKN;D;20210510;000000;27090;27350;26946;27046;238636;0
GMKN;D;20210511;000000;27000;27350;26824;27338;338030;0
GMKN;D;20210512;000000;27390;27580;27204;27266;304199;0
GMKN;D;20210513;000000;27322;27418;26930;27388;314425;0
GMKN;D;20210514;000000;27486;27540;27120;27390;166036;0
GMKN;D;20210517;000000;27402;27486;27064;27352;221781;0
GMKN;D;20210518;000000;27400;27570;27304;27352;189074;0
GMKN;D;20210519;000000;27350;27374;26808;27110;310746;0
GMKN;D;20210520;000000;27160;27218;26902;27156;175291;0
GMKN;D;20210521;000000;27134;27236;26940;27064;179407;0
GMKN;D;20210524;000000;27140;27220;26810;26982;197803;0
GMKN;D;20210525;000000;27020;27064;26616;26730;271163;0
GMKN;D;20210526;000000;26780;26998;26660;26986;222691;0
GMKN;D;20210527;000000;26986;27032;26672;26994;375453;0
GMKN;D;20210528;000000;27064;27298;26866;27134;355211;0
GMKN;D;20210531;000000;26258;26600;26220;26404;257224;0
GMKN;D;20210601;000000;26520;26846;26456;26750;198936;0
GMKN;D;20210602;000000;26700;26948;26646;26944;185952;0
GMKN;D;20210603;000000;26972;27030;26438;26630;249236;0
GMKN;D;20210604;000000;26620;26632;26300;26400;218620;0
GMKN;D;20210607;000000;26310;26424;26202;26246;188756;0
GMKN;D;20210608;000000;26200;26290;25960;26072;208488;0
GMKN;D;20210609;000000;26072;26560;25922;26502;259612;0
GMKN;D;20210610;000000;26498;26518;26120;26192;172210;0
GMKN;D;20210611;000000;26224;26346;26042;26178;148672;0
GMKN;D;20210614;000000;26200;26456;26180;26314;95555;0
GMKN;D;20210615;000000;26308;26448;26018;26054;136476;0
GMKN;D;20210616;000000;26022;26022;25652;25664;282828;0
GMKN;D;20210617;000000;25550;25614;24820;24970;530860;0
GMKN;D;20210618;000000;24900;25118;24678;25000;370346;0
GMKN;D;20210621;000000;24976;25388;24754;25372;252143;0
GMKN;D;20210622;000000;25440;25482;24914;25078;211658;0
GMKN;D;20210623;000000;25164;25466;24950;25336;260549;0
GMKN;D;20210624;000000;25388;25388;23786;24358;690867;0
GMKN;D;20210625;000000;24402;24796;24182;24734;231782;0
GMKN;D;20210628;000000;24752;25084;24700;24948;172389;0
GMKN;D;20210629;000000;24890;24906;24400;24702;216145;0
GMKN;D;20210630;000000;24708;25018;24480;24812;260692;0
GMKN;D;20210701;000000;24812;24948;24510;24612;175388;0
GMKN;D;20210702;000000;24612;25080;24494;25014;198160;0
GMKN;D;20210705;000000;25090;25224;24738;24924;167698;0
GMKN;D;20210706;000000;24948;24950;24400;24462;241787;0
GMKN;D;20210707;000000;24498;24950;24462;24658;177381;0
GMKN;D;20210708;000000;24738;24760;24312;24514;235460;0
GMKN;D;20210709;000000;24480;24940;24428;24780;212555;0
GMKN;D;20210712;000000;24810;25190;24624;25112;220349;0
GMKN;D;20210713;000000;25132;25728;24988;25662;321867;0
GMKN;D;20210714;000000;25650;25848;25300;25734;248944;0
GMKN;D;20210715;000000;25712;25950;25524;25624;210519;0
GMKN;D;20210716;000000;25762;25762;25114;25248;193730;0
GMKN;D;20210719;000000;25126;25250;24780;25046;240667;0
GMKN;D;20210720;000000;25150;25390;24916;25138;168463;0
GMKN;D;20210721;000000;25108;25282;24912;25050;116640;0
GMKN;D;20210722;000000;25140;25174;24848;25080;112322;0
GMKN;D;20210723;000000;25132;25200;24900;24990;129976;0
GMKN;D;20210726;000000;24850;25184;24806;25180;123652;0
GMKN;D;20210727;000000;25126;25626;24972;25432;290674;0
GMKN;D;20210728;000000;25452;25778;25380;25690;183816;0
GMKN;D;20210729;000000;25764;25810;24886;25178;542880;0
GMKN;D;20210730;000000;25090;25332;24950;25318;248990;0
GMKN;D;20210802;000000;25400;25580;25222;25290;146846;0
GMKN;D;20210803;000000;25338;25600;25234;25582;154292;0
GMKN;D;20210804;000000;25582;25746;25332;25446;149437;0
GMKN;D;20210805;000000;25408;25600;25314;25496;147324;0
GMKN;D;20210806;000000;25580;25586;25080;25102;136641;0
GMKN;D;20210809;000000;25098;25128;24684;24870;244563;0
GMKN;D;20210810;000000;24902;25040;24504;24650;246776;0
GMKN;D;20210811;000000;24650;24736;24472;24528;178658;0
GMKN;D;20210812;000000;24646;24814;24530;24700;163428;0
GMKN;D;20210813;000000;24680;24738;24414;24460;106597;0
GMKN;D;20210816;000000;24404;24554;24210;24426;180039;0
GMKN;D;20210817;000000;24400;24786;24362;24572;196306;0
GMKN;D;20210818;000000;24700;24700;24122;24146;170794;0
GMKN;D;20210819;000000;24084;24190;23600;23736;293138;0
GMKN;D;20210820;000000;23730;23878;23480;23550;232002;0
GMKN;D;20210823;000000;23766;23896;23590;23858;177105;0
GMKN;D;20210824;000000;23992;24092;23660;24066;178841;0
GMKN;D;20210825;000000;24060;24072;23798;23932;124541;0
GMKN;D;20210826;000000;23850;24014;23680;23712;146891;0
GMKN;D;20210827;000000;23746;23990;23690;23986;125267;0
GMKN;D;20210830;000000;24016;24398;23998;24266;165111;0
GMKN;D;20210831;000000;24396;24562;23954;24032;271845;0
GMKN;D;20210901;000000;24120;24250;23880;24228;198107;0
GMKN;D;20210902;000000;24156;24200;23868;23880;248124;0
GMKN;D;20210903;000000;23930;24490;23930;24442;314419;0
GMKN;D;20210906;000000;24508;24784;24500;24658;212258;0
GMKN;D;20210907;000000;24660;24684;24296;24376;140720;0
GMKN;D;20210908;000000;24304;24474;24134;24260;223978;0
GMKN;D;20210909;000000;24202;24308;23978;23980;185592;0
GMKN;D;20210910;000000;24100;24544;24060;24508;186099;0
GMKN;D;20210913;000000;24554;24710;24330;24492;232597;0
GMKN;D;20210914;000000;24410;24428;23900;24044;302250;0
GMKN;D;20210915;000000;24000;24120;23682;23978;278893;0
GMKN;D;20210916;000000;23910;23972;23296;23484;416906;0
GMKN;D;20210917;000000;23432;23820;22970;23256;638905;0
GMKN;D;20210920;000000;23050;23162;22490;22510;385467;0
GMKN;D;20210921;000000;22606;22940;22512;22662;226329;0
GMKN;D;20210922;000000;22784;23170;22724;23150;201842;0
GMKN;D;20210923;000000;23300;23382;22744;23096;366490;0
GMKN;D;20210924;000000;23120;23256;22776;22856;206448;0
GMKN;D;20210927;000000;22938;22984;22600;22712;162629;0
GMKN;D;20210928;000000;22730;22772;22302;22324;273134;0
GMKN;D;20210929;000000;22300;22640;22150;22218;386106;0
GMKN;D;20210930;000000;22250;22290;21586;21830;423927;0
GMKN;D;20211001;000000;21700;22222;21624;22122;235515;0
GMKN;D;20211004;000000;22090;22136;21542;21636;216292;0
GMKN;D;20211005;000000;21548;21870;21180;21818;387070;0
GMKN;D;20211006;000000;21814;21814;21274;21524;285877;0
GMKN;D;20211007;000000;21580;22410;21554;22272;465287;0
GMKN;D;20211008;000000;22500;22768;22374;22766;360164;0
GMKN;D;20211011;000000;22890;23244;22576;22644;482215;0
GMKN;D;20211012;000000;22576;22768;22300;22528;196207;0
GMKN;D;20211013;000000;22600;22772;22328;22718;265861;0
GMKN;D;20211014;000000;22820;23000;22650;22928;318354;0
GMKN;D;20211015;000000;22958;23124;22762;23108;244716;0
GMKN;D;20211018;000000;23102;23178;22974;23120;151550;0
GMKN;D;20211019;000000;23200;23700;23166;23672;344876;0
GMKN;D;20211020;000000;23700;23700;23190;23530;266936;0
GMKN;D;20211021;000000;23494;23518;23148;23210;167267;0
GMKN;D;20211022;000000;23210;23300;22800;22864;186593;0
GMKN;D;20211025;000000;22964;23070;22650;23024;168546;0
GMKN;D;20211026;000000;23014;23136;22688;22688;162867;0
GMKN;D;20211027;000000;22636;22646;22170;22250;296248;0
GMKN;D;20211028;000000;22258;22488;22010;22362;242931;0
GMKN;D;20211029;000000;22302;22316;21974;22170;195174;0
GMKN;D;20211101;000000;22180;22400;22160;22396;171418;0
GMKN;D;20211102;000000;22360;22488;22072;22134;147179;0
GMKN;D;20211103;000000;22130;22192;21874;22038;146261;0
GMKN;D;20211105;000000;22020;22022;21560;21664;218867;0
GMKN;D;20211108;000000;21764;21962;21662;21872;179141;0
GMKN;D;20211109;000000;21872;22538;21804;22188;289073;0
GMKN;D;20211110;000000;22232;22520;21600;21694;304501;0
GMKN;D;20211111;000000;21734;22094;21732;22050;190832;0
GMKN;D;20211112;000000;22050;22320;21756;22100;251803;0
GMKN;D;20211115;000000;22002;22474;21900;22358;249959;0
GMKN;D;20211116;000000;22404;23126;22404;22626;501616;0
GMKN;D;20211117;000000;22768;22898;22354;22532;247847;0
GMKN;D;20211118;000000;22522;22640;22178;22292;238149;0
GMKN;D;20211119;000000;22388;22494;21872;22144;273845;0
GMKN;D;20211122;000000;22138;22454;21400;21850;530192;0
GMKN;D;20211123;000000;21836;22448;21276;22400;421947;0
GMKN;D;20211124;000000;22462;22526;21968;22182;251923;0
GMKN;D;20211125;000000;22220;22378;21968;22128;112233;0
GMKN;D;20211126;000000;21750;21898;21400;21560;332835;0
GMKN;D;20211129;000000;21840;21998;21442;21686;261991;0
GMKN;D;20211130;000000;21390;21760;21280;21538;415126;0
GMKN;D;20211201;000000;21998;22280;21708;21952;317814;0
GMKN;D;20211202;000000;21912;22174;21868;22110;224169;0
GMKN;D;20211203;000000;22200;22230;21778;21826;151573;0
GMKN;D;20211206;000000;21898;22044;21562;21886;153710;0
GMKN;D;20211207;000000;21900;22038;21734;21920;163783;0
GMKN;D;20211208;000000;21972;22188;21864;21888;264488;0
GMKN;D;20211209;000000;21998;22108;21704;22006;171185;0
GMKN;D;20211210;000000;22016;22054;21800;21888;128356;0
GMKN;D;20211213;000000;21938;22020;20832;20850;349787;0
GMKN;D;20211214;000000;20850;21298;18854;20958;650571;0
GMKN;D;20211215;000000;20958;21326;20730;21296;301821;0
GMKN;D;20211216;000000;21420;21746;21184;21310;363333;0
GMKN;D;20211217;000000;21280;21848;21054;21738;329662;0
GMKN;D;20211220;000000;21608;21738;21334;21644;215335;0
GMKN;D;20211221;000000;21698;21882;21550;21662;210789;0
GMKN;D;20211222;000000;21662;21924;21622;21834;187528;0
GMKN;D;20211223;000000;21830;22020;21750;21872;191362;0
GMKN;D;20211224;000000;21810;21918;21650;21824;107428;0
GMKN;D;20211227;000000;21900;22550;21854;22528;215858;0
GMKN;D;20211228;000000;22600;22930;22510;22642;239964;0
GMKN;D;20211229;000000;22650;22834;22534;22628;165375;0
GMKN;D;20211230;000000;22628;22924;22590;22900;181185;0
