<TICKER>;<PER>;<DATE>;<TIME>;<OPEN>;<HIGH>;<LOW>;<CLOSE>;<VOL>;<OPENINT>
LKOH;D;20170103;000000;3445;3582;3442.5;3575;700138;0
LKOH;D;20170104;000000;3560;3560;3456;3479.5;503239;0
LKOH;D;20170105;000000;3484;3494;3367.5;3379;648238;0
LKOH;D;20170106;000000;3380.5;3404.5;3337;3365;336808;0
LKOH;D;20170109;000000;3373;3392.5;3353;3384.5;303953;0
LKOH;D;20170110;000000;3372;3406.5;3368.5;3399;512965;0
LKOH;D;20170111;000000;3387.5;3404;3380.5;3394.5;302371;0
LKOH;D;20170112;000000;3404;3410;3287.5;3300;777973;0
LKOH;D;20170113;000000;3300;3319.5;3243.5;3290;631637;0
LKOH;D;20170116;000000;3295;3298;3236.5;3240;530947;0
LKOH;D;20170117;000000;3240;3259.5;3208;3233;589385;0
LKOH;D;20170118;000000;3240;3266;3202;3224;627609;0
LKOH;D;20170119;000000;3233;3239;3183.5;3195;632244;0
LKOH;D;20170120;000000;3192;3241.5;3177;3180;628003;0
LKOH;D;20170123;000000;3196;3196;3146.5;3176.5;420621;0
LKOH;D;20170124;000000;3185;3203;3147.5;3190;876239;0
LKOH;D;20170125;000000;3194;3219;3154;3215;751933;0
LKOH;D;20170126;000000;3218.5;3378.5;3218;3376.5;1450895;0
LKOH;D;20170127;000000;3372.5;3494;3335.5;3486;1409010;0
LKOH;D;20170130;000000;3470.5;3479.5;3397.5;3408;657283;0
LKOH;D;20170131;000000;3406;3424.5;3360;3370;731667;0
LKOH;D;20170201;000000;3375;3394;3346.5;3375;622620;0
LKOH;D;20170202;000000;3380;3405;3345;3364.5;606159;0
LKOH;D;20170203;000000;3372;3387;3347.5;3370.5;480672;0
LKOH;D;20170206;000000;3380.5;3384.5;3316.5;3338;704151;0
LKOH;D;20170207;000000;3337;3380;3308;3379;441264;0
LKOH;D;20170208;000000;3370;3377.5;3271;3299;891223;0
LKOH;D;20170209;000000;3311;3328;3256;3266.5;739024;0
LKOH;D;20170210;000000;3275;3298;3233;3245.5;668104;0
LKOH;D;20170213;000000;3261.5;3279;3221;3279;650494;0
LKOH;D;20170214;000000;3279;3279.5;3239;3250;510783;0
LKOH;D;20170215;000000;3242;3248;3173;3211;778957;0
LKOH;D;20170216;000000;3202.5;3233;3180;3232;397994;0
LKOH;D;20170217;000000;3239;3244;3168;3198.5;658816;0
LKOH;D;20170220;000000;3208;3217.5;3157;3180;477667;0
LKOH;D;20170221;000000;3175;3218.5;3161;3199.5;434554;0
LKOH;D;20170222;000000;3209.5;3215;3149;3175.5;637961;0
LKOH;D;20170224;000000;3165.5;3185;3127.5;3184;294854;0
LKOH;D;20170227;000000;3179.5;3189;3115;3135;547910;0
LKOH;D;20170228;000000;3140;3145;3077.5;3086;884754;0
LKOH;D;20170301;000000;3090;3137;3076.5;3120;569160;0
LKOH;D;20170302;000000;3125;3130.5;3080.5;3086;553071;0
LKOH;D;20170303;000000;3086.5;3090;3033;3085;654728;0
LKOH;D;20170306;000000;3073;3108.5;3055;3078.5;376471;0
LKOH;D;20170307;000000;3080;3099;3045;3070;678348;0
LKOH;D;20170309;000000;3025;3049;2937;2970;1224984;0
LKOH;D;20170310;000000;2970.5;3054;2955;3028;617101;0
LKOH;D;20170313;000000;3020;3085;3014.5;3051;409317;0
LKOH;D;20170314;000000;3063.5;3118;3043;3080;697452;0
LKOH;D;20170315;000000;3095;3122;3067.5;3088;758775;0
LKOH;D;20170316;000000;3121;3147.5;3075.5;3095;1012186;0
LKOH;D;20170317;000000;3090;3158.5;3082;3130;1105956;0
LKOH;D;20170320;000000;3132.5;3145;3056;3092.5;638473;0
LKOH;D;20170321;000000;3092.5;3120;3080;3101;553481;0
LKOH;D;20170322;000000;3082;3120.5;3069;3120.5;782131;0
LKOH;D;20170323;000000;3121;3139;3052;3066;749708;0
LKOH;D;20170324;000000;3067.5;3082;3014;3017.5;517876;0
LKOH;D;20170327;000000;3000;3017;2954.5;3003;427673;0
LKOH;D;20170328;000000;3005;3055;2985.5;3055;519223;0
LKOH;D;20170329;000000;3054.5;3066;3022.5;3061;468846;0
LKOH;D;20170330;000000;3061;3064.5;2977;2982;780406;0
LKOH;D;20170331;000000;2990;3003.5;2969;2981;532916;0
LKOH;D;20170403;000000;2991;3027;2979.5;3026.5;356462;0
LKOH;D;20170404;000000;3014;3063;3014;3050;455535;0
LKOH;D;20170405;000000;3058.5;3063.5;3030;3057;538141;0
LKOH;D;20170406;000000;3045;3065;3026;3057.5;471903;0
LKOH;D;20170407;000000;3037;3057.5;2955;2991;800567;0
LKOH;D;20170410;000000;2980;2989;2923.5;2956;694880;0
LKOH;D;20170411;000000;2953.5;2996.5;2941;2968;493902;0
LKOH;D;20170412;000000;2980;2985;2908;2949.5;570820;0
LKOH;D;20170413;000000;2952;2958;2866;2910;689840;0
LKOH;D;20170414;000000;2915;2915;2856;2864.5;137148;0
LKOH;D;20170417;000000;2846;2890;2835;2880;261646;0
LKOH;D;20170418;000000;2881;2893.5;2816.5;2828.5;478019;0
LKOH;D;20170419;000000;2839;2892;2822.5;2859;804330;0
LKOH;D;20170420;000000;2843;2871.5;2805;2858;700369;0
LKOH;D;20170421;000000;2864;2870;2826;2850;418180;0
LKOH;D;20170424;000000;2876;2924.5;2865;2919;729191;0
LKOH;D;20170425;000000;2928;2957.5;2887;2957;591054;0
LKOH;D;20170426;000000;2964;2984.5;2922;2970;525392;0
LKOH;D;20170427;000000;2960;2964.5;2878;2885;691682;0
LKOH;D;20170428;000000;2897;2902.5;2814;2818;1038657;0
LKOH;D;20170502;000000;2835.5;2900;2820.5;2864;878683;0
LKOH;D;20170503;000000;2858.5;2868;2753.5;2770;1349296;0
LKOH;D;20170504;000000;2778;2818;2768.5;2780;771128;0
LKOH;D;20170505;000000;2771;2816;2764;2811.5;615162;0
LKOH;D;20170510;000000;2851;2917;2846.5;2917;863318;0
LKOH;D;20170511;000000;2908;2911;2824;2840;693595;0
LKOH;D;20170512;000000;2845;2856;2796.5;2856;558606;0
LKOH;D;20170515;000000;2866;2890;2850;2876;470352;0
LKOH;D;20170516;000000;2868.5;2907.5;2860.5;2890.5;682286;0
LKOH;D;20170517;000000;2880;2900;2841;2870;544110;0
LKOH;D;20170518;000000;2861;2877;2822.5;2877;816708;0
LKOH;D;20170519;000000;2882;2891;2845;2850;637181;0
LKOH;D;20170522;000000;2850;2850;2800;2811;595265;0
LKOH;D;20170523;000000;2805;2830;2800;2825;497572;0
LKOH;D;20170524;000000;2820.5;2830;2772;2804;580285;0
LKOH;D;20170525;000000;2810;2847;2781;2798;623073;0
LKOH;D;20170526;000000;2800;2800;2757;2796.5;621558;0
LKOH;D;20170529;000000;2780;2810;2777.5;2794.5;281068;0
LKOH;D;20170530;000000;2791;2840;2763;2825;685567;0
LKOH;D;20170531;000000;2820;2831;2715;2753;1040753;0
LKOH;D;20170601;000000;2753;2760;2680;2700;1105587;0
LKOH;D;20170602;000000;2700;2745;2674;2734;919258;0
LKOH;D;20170605;000000;2748;2755;2713;2734.5;320853;0
LKOH;D;20170606;000000;2732.5;2743;2690.5;2721.5;621846;0
LKOH;D;20170607;000000;2725;2753;2700;2705;530508;0
LKOH;D;20170608;000000;2712;2740.5;2695;2735;572620;0
LKOH;D;20170609;000000;2732;2774;2717;2774;598565;0
LKOH;D;20170613;000000;2760;2784;2739;2760.5;598743;0
LKOH;D;20170614;000000;2762.5;2773;2713;2730;772008;0
LKOH;D;20170615;000000;2703.5;2721;2601;2712;2615524;0
LKOH;D;20170616;000000;2712;2728;2685;2685;948446;0
LKOH;D;20170619;000000;2699.5;2782;2699.5;2779.5;814465;0
LKOH;D;20170620;000000;2771;2804;2748;2769;613907;0
LKOH;D;20170621;000000;2761.5;2761.5;2705;2728.5;1077654;0
LKOH;D;20170622;000000;2717;2760.5;2701;2760.5;834600;0
LKOH;D;20170623;000000;2750;2800;2727.5;2775;628486;0
LKOH;D;20170626;000000;2789;2812;2756.5;2767;526270;0
LKOH;D;20170627;000000;2764.5;2815;2740.5;2800;561896;0
LKOH;D;20170628;000000;2772.5;2875;2770.5;2874.5;663282;0
LKOH;D;20170629;000000;2876;2904;2860;2873;720328;0
LKOH;D;20170630;000000;2879;2915.5;2860;2872.5;721101;0
LKOH;D;20170703;000000;2882.5;2921;2853.5;2920;598099;0
LKOH;D;20170704;000000;2928;2945;2895.5;2933;522116;0
LKOH;D;20170705;000000;2928;2952;2916;2951.5;588898;0
LKOH;D;20170706;000000;2952.5;2985;2944.5;2985;712894;0
LKOH;D;20170707;000000;2885;2885;2835;2856;1092060;0
LKOH;D;20170710;000000;2859;2883;2843.5;2859;493249;0
LKOH;D;20170711;000000;2861;2875;2830;2875;486536;0
LKOH;D;20170712;000000;2882;2917;2877;2914.5;717409;0
LKOH;D;20170713;000000;2920;2931;2893.5;2908.5;554946;0
LKOH;D;20170714;000000;2914;2935;2901;2923;516598;0
LKOH;D;20170717;000000;2930;2941;2857.5;2880;750679;0
LKOH;D;20170718;000000;2866.5;2894;2831.5;2840;524675;0
LKOH;D;20170719;000000;2834.5;2896;2834.5;2896;493217;0
LKOH;D;20170720;000000;2896.5;2910;2875.5;2896;403590;0
LKOH;D;20170721;000000;2881.5;2887.5;2837.5;2842;380327;0
LKOH;D;20170724;000000;2838;2853.5;2793;2826.5;683267;0
LKOH;D;20170725;000000;2826.5;2835;2799.5;2835;567795;0
LKOH;D;20170726;000000;2846;2860;2806.5;2833;612043;0
LKOH;D;20170727;000000;2834.5;2851.5;2825;2851.5;416584;0
LKOH;D;20170728;000000;2835;2837.5;2771.5;2794;562763;0
LKOH;D;20170731;000000;2803;2833.5;2752;2797.5;787483;0
LKOH;D;20170801;000000;2811.5;2884.5;2801;2864.5;755748;0
LKOH;D;20170802;000000;2865;2945;2861.5;2938;754761;0
LKOH;D;20170803;000000;2940;2960.5;2911.5;2930;463532;0
LKOH;D;20170804;000000;2915.5;2924.5;2885;2903;437426;0
LKOH;D;20170807;000000;2901;2944.5;2900.5;2917.5;387768;0
LKOH;D;20170808;000000;2923.5;2974.5;2911;2974;559899;0
LKOH;D;20170809;000000;2957.5;2968;2936.5;2939;404508;0
LKOH;D;20170810;000000;2944;2953;2896;2901.5;470067;0
LKOH;D;20170811;000000;2890;2906;2860;2860;560718;0
LKOH;D;20170814;000000;2879.5;2912.5;2872;2883.5;365787;0
LKOH;D;20170815;000000;2875;2888;2846.5;2874;504860;0
LKOH;D;20170816;000000;2885;2894;2842;2846.5;469112;0
LKOH;D;20170817;000000;2847;2862.5;2841;2841;376579;0
LKOH;D;20170818;000000;2835.5;2842;2803.5;2829;475687;0
LKOH;D;20170821;000000;2831;2862;2824;2854.5;371041;0
LKOH;D;20170822;000000;2860;2897;2835;2897;511325;0
LKOH;D;20170823;000000;2890;2893.5;2860;2893.5;440121;0
LKOH;D;20170824;000000;2889;2903.5;2867.5;2894;319413;0
LKOH;D;20170825;000000;2910;2940;2897;2915;305830;0
LKOH;D;20170828;000000;2915;2929.5;2888;2920;347692;0
LKOH;D;20170829;000000;2911.5;2914.5;2860;2894;651423;0
LKOH;D;20170830;000000;2900;2915.5;2885;2905;582751;0
LKOH;D;20170831;000000;2894.5;2952;2890.5;2940.5;913810;0
LKOH;D;20170901;000000;2940.5;2954.5;2914;2915;441761;0
LKOH;D;20170904;000000;2908;2922.5;2878.5;2895;381970;0
LKOH;D;20170905;000000;2907;2915.5;2863.5;2883.5;528220;0
LKOH;D;20170906;000000;2888;2919;2855.5;2919;761368;0
LKOH;D;20170907;000000;2915;2919;2876;2876;554329;0
LKOH;D;20170908;000000;2887.5;2928;2884;2925;535898;0
LKOH;D;20170911;000000;2931;2939;2906.5;2909;463153;0
LKOH;D;20170912;000000;2913;2965;2913;2961.5;455251;0
LKOH;D;20170913;000000;2961.5;2975;2938;2938;809541;0
LKOH;D;20170914;000000;2940;2983;2926.5;2970;693934;0
LKOH;D;20170915;000000;2966;2995.5;2950;2978.5;1095633;0
LKOH;D;20170918;000000;2986;3048;2975;3032.5;1399657;0
LKOH;D;20170919;000000;3025;3060;3016;3025;626204;0
LKOH;D;20170920;000000;3022;3030;2975;2985;882295;0
LKOH;D;20170921;000000;2996.5;3018.5;2987;2991.5;871434;0
LKOH;D;20170922;000000;2994;2994;2948;2970;779297;0
LKOH;D;20170925;000000;2977;3041;2962.5;3039.5;818676;0
LKOH;D;20170926;000000;3047;3065.5;3017;3022;664068;0
LKOH;D;20170927;000000;3020;3065;3019.5;3064.5;558882;0
LKOH;D;20170928;000000;3060;3085;3050;3065;547322;0
LKOH;D;20170929;000000;3055.5;3072.5;3049.5;3064;430627;0
LKOH;D;20171002;000000;3064;3068;3025;3044.5;403613;0
LKOH;D;20171003;000000;3042;3058;3031;3054;391559;0
LKOH;D;20171004;000000;3045;3054;3035;3038.5;418492;0
LKOH;D;20171005;000000;3032.5;3064;3032.5;3054;451583;0
LKOH;D;20171006;000000;3052.5;3075.5;3052.5;3060;436330;0
LKOH;D;20171009;000000;3060;3069.5;3039.5;3052.5;427875;0
LKOH;D;20171010;000000;3053.5;3053.5;3007;3037.5;539005;0
LKOH;D;20171011;000000;3042;3059;3036;3040;409609;0
LKOH;D;20171012;000000;3040.5;3046;3016.5;3035;233850;0
LKOH;D;20171013;000000;3040;3040;3009;3018;479870;0
LKOH;D;20171016;000000;3033.5;3033.5;3002;3020;425762;0
LKOH;D;20171017;000000;3023.5;3028;2977;3003;547548;0
LKOH;D;20171018;000000;3008;3021.5;2997;3011;406363;0
LKOH;D;20171019;000000;3018.5;3018.5;2975.5;2985;419568;0
LKOH;D;20171020;000000;2994;3007;2980.5;2994;427034;0
LKOH;D;20171023;000000;3000.5;3008;2983;2997;394546;0
LKOH;D;20171024;000000;2995;3026;2995;3018;338777;0
LKOH;D;20171025;000000;3029;3046;3005;3005;622707;0
LKOH;D;20171026;000000;3005;3025;2990.5;2996;523980;0
LKOH;D;20171027;000000;3009.5;3067;3009.5;3064.5;723515;0
LKOH;D;20171030;000000;3067.5;3097.5;3041;3058;819778;0
LKOH;D;20171031;000000;3063.5;3134;3060;3096;1026700;0
LKOH;D;20171101;000000;3110;3157;3101.5;3144.5;733533;0
LKOH;D;20171102;000000;3142;3150;3125;3150;386101;0
LKOH;D;20171103;000000;3155;3203;3155;3168.5;633299;0
LKOH;D;20171107;000000;3211;3365;3210;3325;1602026;0
LKOH;D;20171108;000000;3317;3386;3311;3336;606331;0
LKOH;D;20171109;000000;3346;3373;3286;3368;872736;0
LKOH;D;20171110;000000;3361.5;3368;3322;3344.5;569553;0
LKOH;D;20171113;000000;3344.5;3415;3323.5;3326;878871;0
LKOH;D;20171114;000000;3318.5;3359;3305;3325;878920;0
LKOH;D;20171115;000000;3322;3330;3276.5;3296;604362;0
LKOH;D;20171116;000000;3325.5;3368;3289;3304;582493;0
LKOH;D;20171117;000000;3293.5;3360;3293;3304.5;331874;0
LKOH;D;20171120;000000;3296.5;3316.5;3262.5;3281;226458;0
LKOH;D;20171121;000000;3290;3327.5;3279.5;3319.5;361075;0
LKOH;D;20171122;000000;3330;3369;3311.5;3369;471462;0
LKOH;D;20171123;000000;3374.5;3380;3334.5;3380;341392;0
LKOH;D;20171124;000000;3388;3420;3371.5;3395;355911;0
LKOH;D;20171127;000000;3389.5;3413.5;3353.5;3365;396195;0
LKOH;D;20171128;000000;3368.5;3370;3298.5;3343;495486;0
LKOH;D;20171129;000000;3342;3345;3271;3308.5;683420;0
LKOH;D;20171130;000000;3305.5;3335;3262.5;3292.5;783625;0
LKOH;D;20171201;000000;3290;3353;3267;3344;398612;0
LKOH;D;20171204;000000;3344;3392.5;3303.5;3390.5;612226;0
LKOH;D;20171205;000000;3378;3405;3352;3403;413929;0
LKOH;D;20171206;000000;3390;3403.5;3372;3403;442898;0
LKOH;D;20171207;000000;3390;3396;3360;3374.5;421846;0
LKOH;D;20171208;000000;3374.5;3393;3370.5;3388.5;377371;0
LKOH;D;20171211;000000;3395;3440;3390;3432.5;604251;0
LKOH;D;20171212;000000;3445;3473.5;3426.5;3473.5;509866;0
LKOH;D;20171213;000000;3463;3467.5;3440.5;3458;326642;0
LKOH;D;20171214;000000;3452;3467.5;3424;3453.5;364791;0
LKOH;D;20171215;000000;3447;3457;3391.5;3420;758576;0
LKOH;D;20171218;000000;3420;3445.5;3362.5;3395.5;404964;0
LKOH;D;20171219;000000;3400.5;3421.5;3371.5;3402;424432;0
LKOH;D;20171220;000000;3408;3419;3373;3373;535501;0
LKOH;D;20171221;000000;3311;3332.5;3285;3332.5;711628;0
LKOH;D;20171222;000000;3332.5;3356;3318;3347;210614;0
LKOH;D;20171225;000000;3350.5;3359.5;3320;3320;96715;0
LKOH;D;20171226;000000;3315;3324.5;3283.5;3288;148820;0
LKOH;D;20171227;000000;3297;3312;3269;3283.5;651458;0
LKOH;D;20171228;000000;3283.5;3317;3262.5;3317;229654;0
LKOH;D;20171229;000000;3308;3334.5;3278.5;3334.5;286272;0
LKOH;D;20180103;000000;3340;3421.5;3340;3421.5;395934;0
LKOH;D;20180104;000000;3428;3501;3392.5;3501;702060;0
LKOH;D;20180105;000000;3499.5;3569.5;3491;3569.5;597634;0
LKOH;D;20180109;000000;3575;3647.5;3575;3628.5;852342;0
LKOH;D;20180110;000000;3640;3649;3594.5;3641;1025327;0
LKOH;D;20180111;000000;3644.5;3689.5;3610;3687.5;665221;0
LKOH;D;20180112;000000;3677;3942;3650;3908;2678400;0
LKOH;D;20180115;000000;3932;3985;3876.5;3876.5;928147;0
LKOH;D;20180116;000000;3887;3897;3767.5;3862;1158201;0
LKOH;D;20180117;000000;3846.5;3868.5;3811;3851.5;808217;0
LKOH;D;20180118;000000;3866;3890;3842.5;3855;979560;0
LKOH;D;20180119;000000;3850;3885.5;3801;3825.5;662931;0
LKOH;D;20180122;000000;3830;3871;3812;3870;611168;0
LKOH;D;20180123;000000;3870;3870;3791;3841.5;828465;0
LKOH;D;20180124;000000;3841;3852.5;3808;3850;524751;0
LKOH;D;20180125;000000;3860;3860;3808;3825;1089571;0
LKOH;D;20180126;000000;3824.5;3828;3780.5;3821;628670;0
LKOH;D;20180129;000000;3825;3830.5;3759;3778;727704;0
LKOH;D;20180130;000000;3753;3816;3703;3713;827378;0
LKOH;D;20180131;000000;3700;3759;3697;3728;1036121;0
LKOH;D;20180201;000000;3733;3762.5;3722.5;3760.5;506782;0
LKOH;D;20180202;000000;3754;3798;3741;3797;692059;0
LKOH;D;20180205;000000;3770;3787.5;3746;3752;724635;0
LKOH;D;20180206;000000;3677;3718;3611.5;3655.5;1801395;0
LKOH;D;20180207;000000;3686.5;3754;3675;3735;862033;0
LKOH;D;20180208;000000;3715.5;3750.5;3681;3686;1006162;0
LKOH;D;20180209;000000;3650;3679.5;3615;3617.5;1284861;0
LKOH;D;20180212;000000;3639;3682.5;3621;3656.5;746034;0
LKOH;D;20180213;000000;3662.5;3737;3650;3729.5;830901;0
LKOH;D;20180214;000000;3735;3751.5;3685;3709;680598;0
LKOH;D;20180215;000000;3735;3767;3726.5;3730;850067;0
LKOH;D;20180216;000000;3745;3819;3735;3751;795779;0
LKOH;D;20180219;000000;3755;3778;3705.5;3715;394167;0
LKOH;D;20180220;000000;3711;3744;3686.5;3744;362064;0
LKOH;D;20180221;000000;3732;3819;3731.5;3808.5;584030;0
LKOH;D;20180222;000000;3795;3836;3772;3836;772462;0
LKOH;D;20180226;000000;3870;3899;3814;3839.5;681081;0
LKOH;D;20180227;000000;3835;3855.5;3786;3838.5;659167;0
LKOH;D;20180228;000000;3817.5;3832.5;3775;3776.5;793371;0
LKOH;D;20180301;000000;3767.5;3790;3741;3754;580995;0
LKOH;D;20180302;000000;3749.5;3769;3675.5;3749.5;562008;0
LKOH;D;20180305;000000;3752.5;3786;3726.5;3730;374161;0
LKOH;D;20180306;000000;3740.5;3766;3727.5;3744;645004;0
LKOH;D;20180307;000000;3725;3726;3690;3721;677931;0
LKOH;D;20180309;000000;3710;3789;3706;3789;325236;0
LKOH;D;20180312;000000;3785;3794;3740;3770;373705;0
LKOH;D;20180313;000000;3767;3776;3742;3773;507869;0
LKOH;D;20180314;000000;3757.5;3776;3735;3742;502987;0
LKOH;D;20180315;000000;3743.5;3800;3718.5;3800;943034;0
LKOH;D;20180316;000000;3798;3874.5;3773.5;3874.5;1187540;0
LKOH;D;20180319;000000;3873.5;3880;3807.5;3815;582051;0
LKOH;D;20180320;000000;3827.5;3869.5;3792;3860;745211;0
LKOH;D;20180321;000000;3865;3937;3849;3874;783536;0
LKOH;D;20180322;000000;3889.5;3903;3829;3857;606156;0
LKOH;D;20180323;000000;3838;3915;3818;3874.5;1101805;0
LKOH;D;20180326;000000;3875;3889;3800;3800;638825;0
LKOH;D;20180327;000000;3831;3909;3820;3878;889949;0
LKOH;D;20180328;000000;3858;3947;3850.5;3927;710820;0
LKOH;D;20180329;000000;3936.5;3991.5;3916.5;3991.5;861187;0
LKOH;D;20180330;000000;3988;4004;3961;3961;265745;0
LKOH;D;20180402;000000;3963.5;4005;3955.5;3955.5;434373;0
LKOH;D;20180403;000000;3960;3975;3920.5;3951;460652;0
LKOH;D;20180404;000000;3945;3966;3897;3939;644640;0
LKOH;D;20180405;000000;3940.5;3990;3940.5;3990;617054;0
LKOH;D;20180406;000000;3967.5;3972.5;3918.5;3939;570606;0
LKOH;D;20180409;000000;3919.5;3920.5;3532.5;3620;2908801;0
LKOH;D;20180410;000000;3646.5;3935;3621;3900;2183915;0
LKOH;D;20180411;000000;3872;4077;3865;4070;2053395;0
LKOH;D;20180412;000000;4077;4098;3944.5;3979;1184424;0
LKOH;D;20180413;000000;3990;3990;3882.5;3902;1187189;0
LKOH;D;20180416;000000;3877;3935.5;3851.5;3892;755970;0
LKOH;D;20180417;000000;3912.5;3951;3905;3940;1015039;0
LKOH;D;20180418;000000;3935.5;4033.5;3927.5;4030;1087745;0
LKOH;D;20180419;000000;4030;4056;3994;4015;705236;0
LKOH;D;20180420;000000;4008;4029;3965;3985;433760;0
LKOH;D;20180423;000000;3981.5;4019;3933;3974;819372;0
LKOH;D;20180424;000000;4000.5;4063;3980;3999.5;732044;0
LKOH;D;20180425;000000;3973.5;4029;3950.5;4029;506747;0
LKOH;D;20180426;000000;4029.5;4157;4016.5;4140;957780;0
LKOH;D;20180427;000000;4140.5;4215;4140.5;4212;796268;0
LKOH;D;20180428;000000;4202;4202;4170;4178.5;84288;0
LKOH;D;20180430;000000;4171;4243;4156.5;4156.5;537010;0
LKOH;D;20180502;000000;4155;4206;4141;4141;578521;0
LKOH;D;20180503;000000;4137.5;4160.5;4068;4068;712980;0
LKOH;D;20180504;000000;4089.5;4128;4080.5;4108;560144;0
LKOH;D;20180507;000000;4111;4176;4111;4121;298539;0
LKOH;D;20180508;000000;4110.5;4180;4086.5;4180;693559;0
LKOH;D;20180510;000000;4225;4288;4209.5;4235;903164;0
LKOH;D;20180511;000000;4250;4383;4236;4383;950563;0
LKOH;D;20180514;000000;4372.5;4407.5;4322.5;4407.5;814988;0
LKOH;D;20180515;000000;4379.5;4404;4355;4392;862316;0
LKOH;D;20180516;000000;4380;4418;4347.5;4410;759144;0
LKOH;D;20180517;000000;4409;4430.5;4354;4354;672983;0
LKOH;D;20180518;000000;4364;4450;4354.5;4450;765743;0
LKOH;D;20180521;000000;4449;4453.5;4398.5;4398.5;498242;0
LKOH;D;20180522;000000;4407.5;4414.5;4337;4360;750105;0
LKOH;D;20180523;000000;4338.5;4338.5;4251.5;4263;790126;0
LKOH;D;20180524;000000;4283;4298.5;4230;4230;566530;0
LKOH;D;20180525;000000;4246;4281.5;4206;4248;767247;0
LKOH;D;20180528;000000;4253.5;4300.5;4217;4290;301323;0
LKOH;D;20180529;000000;4292;4298.5;4163;4224;839253;0
LKOH;D;20180530;000000;4224;4268;4181.5;4246.5;695454;0
LKOH;D;20180531;000000;4255;4262;4157.5;4209;1514571;0
LKOH;D;20180601;000000;4210;4258;4180.5;4205.5;750947;0
LKOH;D;20180604;000000;4224.5;4304.5;4224.5;4299;747686;0
LKOH;D;20180605;000000;4297.5;4313.5;4248.5;4278;1061259;0
LKOH;D;20180606;000000;4285;4285;4212.5;4264.5;524848;0
LKOH;D;20180607;000000;4270;4292;4250;4250;518073;0
LKOH;D;20180608;000000;4235;4282.5;4159.5;4159.5;939857;0
LKOH;D;20180609;000000;4172.5;4198;4168.5;4191;54043;0
LKOH;D;20180611;000000;4194;4199.5;4140;4159.5;301390;0
LKOH;D;20180613;000000;4181.5;4208.5;4140;4140;778022;0
LKOH;D;20180614;000000;4120;4136;4083;4090;565773;0
LKOH;D;20180615;000000;4102.5;4137;4053;4055;1592602;0
LKOH;D;20180618;000000;4039;4082;4018;4045.5;576993;0
LKOH;D;20180619;000000;4035;4108.5;4006;4091;834287;0
LKOH;D;20180620;000000;4100;4161.5;4097.5;4132;793363;0
LKOH;D;20180621;000000;4138.5;4171.5;4117.5;4135;693440;0
LKOH;D;20180622;000000;4155;4189;4125;4125;673234;0
LKOH;D;20180625;000000;4110;4167.5;4110;4140;489461;0
LKOH;D;20180626;000000;4151;4173;4128;4154;420499;0
LKOH;D;20180627;000000;4173.5;4259;4172;4222;593532;0
LKOH;D;20180628;000000;4220;4272;4212.5;4230.5;678883;0
LKOH;D;20180629;000000;4255;4355;4250.5;4350;1011525;0
LKOH;D;20180702;000000;4335;4401;4319.5;4376;854184;0
LKOH;D;20180703;000000;4366;4393;4322;4325;549601;0
LKOH;D;20180704;000000;4335;4349.5;4326.5;4334.5;152697;0
LKOH;D;20180705;000000;4331;4462;4326;4462;693251;0
LKOH;D;20180706;000000;4452;4452;4351.5;4415.5;741241;0
LKOH;D;20180709;000000;4406;4460;4406;4452;656440;0
LKOH;D;20180710;000000;4369;4409.5;4336;4355;1019915;0
LKOH;D;20180711;000000;4346;4350;4280;4280;595247;0
LKOH;D;20180712;000000;4272;4302.5;4223;4236;706179;0
LKOH;D;20180713;000000;4231.5;4333.5;4231.5;4319;560147;0
LKOH;D;20180716;000000;4320;4347;4265;4300.5;460429;0
LKOH;D;20180717;000000;4287.5;4287.5;4200;4262.5;564322;0
LKOH;D;20180718;000000;4269;4308.5;4240;4299;605500;0
LKOH;D;20180719;000000;4295;4334;4269.5;4334;577713;0
LKOH;D;20180720;000000;4341.5;4357.5;4286;4300;583727;0
LKOH;D;20180723;000000;4295;4382.5;4276.5;4340;441943;0
LKOH;D;20180724;000000;4360;4360;4317.5;4322;335070;0
LKOH;D;20180725;000000;4313;4396;4305;4385;473223;0
LKOH;D;20180726;000000;4400;4421;4387.5;4420;526688;0
LKOH;D;20180727;000000;4417.5;4426;4383;4425;359062;0
LKOH;D;20180730;000000;4400.5;4430;4370.5;4410;446564;0
LKOH;D;20180731;000000;4400.5;4488;4377.5;4451.5;804159;0
LKOH;D;20180801;000000;4460;4509;4454.5;4494;513113;0
LKOH;D;20180802;000000;4480;4527;4478;4501.5;442911;0
LKOH;D;20180803;000000;4494.5;4529;4467.5;4499.5;479872;0
LKOH;D;20180806;000000;4500;4517;4450;4479;410588;0
LKOH;D;20180807;000000;4479.5;4539;4472;4520;428396;0
LKOH;D;20180808;000000;4520;4525;4448;4499;536737;0
LKOH;D;20180809;000000;4490;4598;4490;4598;703235;0
LKOH;D;20180810;000000;4594;4648;4546;4577;672844;0
LKOH;D;20180813;000000;4560;4601.5;4521.5;4541;728393;0
LKOH;D;20180814;000000;4560;4579;4452.5;4460;755229;0
LKOH;D;20180815;000000;4448;4465;4361.5;4428.5;886845;0
LKOH;D;20180816;000000;4428;4440;4351.5;4396;435882;0
LKOH;D;20180817;000000;4382;4418;4358;4375;435110;0
LKOH;D;20180820;000000;4395;4425;4370;4386;268812;0
LKOH;D;20180821;000000;4395;4466.5;4353;4465;511221;0
LKOH;D;20180822;000000;4472;4512.5;4449;4512.5;507810;0
LKOH;D;20180823;000000;4515;4541;4421;4450;656777;0
LKOH;D;20180824;000000;4450;4531.5;4423;4500.5;629549;0
LKOH;D;20180827;000000;4502;4577;4492;4577;249917;0
LKOH;D;20180828;000000;4580.5;4598;4545;4587.5;405787;0
LKOH;D;20180829;000000;4590;4687.5;4585;4638.5;641159;0
LKOH;D;20180830;000000;4663;4738;4640.5;4702;687858;0
LKOH;D;20180831;000000;4695;4719.5;4663;4700.5;711666;0
LKOH;D;20180903;000000;4698;4749;4685.5;4728;287508;0
LKOH;D;20180904;000000;4747;4762.5;4704.5;4717;352050;0
LKOH;D;20180905;000000;4704;4710.5;4637;4637;529456;0
LKOH;D;20180906;000000;4628;4650;4594;4610.5;581929;0
LKOH;D;20180907;000000;4620;4649;4547;4623;603403;0
LKOH;D;20180910;000000;4648.5;4715;4643;4688.5;413242;0
LKOH;D;20180911;000000;4677;4746.5;4665.5;4706.5;766622;0
LKOH;D;20180912;000000;4705;4744.5;4622.5;4622.5;587167;0
LKOH;D;20180913;000000;4621;4688.5;4608;4659;588717;0
LKOH;D;20180914;000000;4650;4670;4603;4604;442226;0
LKOH;D;20180917;000000;4619;4643;4572;4631;454385;0
LKOH;D;20180918;000000;4630;4697;4601.5;4685;698734;0
LKOH;D;20180919;000000;4692;4726.5;4673.5;4719;609508;0
LKOH;D;20180920;000000;4709.5;4735;4676.5;4701;1677197;0
LKOH;D;20180921;000000;4686.5;4755;4678.5;4737.5;1411763;0
LKOH;D;20180924;000000;4747;4798;4724.5;4780;615869;0
LKOH;D;20180925;000000;4800;4900;4780;4900;721203;0
LKOH;D;20180926;000000;4899;4908.5;4777;4828.5;934054;0
LKOH;D;20180927;000000;4821;4952.5;4813;4952;1133318;0
LKOH;D;20180928;000000;4945;5042.5;4930.5;5022;761477;0
LKOH;D;20181001;000000;5045;5115;4980;5016;944915;0
LKOH;D;20181002;000000;5033;5037.5;4877;4898.5;842901;0
LKOH;D;20181003;000000;4912.5;5055;4905;5035;1027078;0
LKOH;D;20181004;000000;5024;5035;4956;4990;804543;0
LKOH;D;20181005;000000;4989;5043.5;4962.5;4987;503118;0
LKOH;D;20181008;000000;4982.5;5015;4941.5;4966;381963;0
LKOH;D;20181009;000000;4981.5;5031;4970.5;4971.5;436837;0
LKOH;D;20181010;000000;4993.5;4993.5;4901.5;4901.5;395030;0
LKOH;D;20181011;000000;4840;4883;4770.5;4804;947246;0
LKOH;D;20181012;000000;4850;4880.5;4806;4806;478564;0
LKOH;D;20181015;000000;4837;4837;4733;4747;435853;0
LKOH;D;20181016;000000;4755;4797;4721.5;4795;468178;0
LKOH;D;20181017;000000;4820;4832.5;4732;4773;395161;0
LKOH;D;20181018;000000;4749;4770;4682;4694.5;457730;0
LKOH;D;20181019;000000;4709.5;4750;4665.5;4693;662876;0
LKOH;D;20181022;000000;4710;4725;4635.5;4673.5;383719;0
LKOH;D;20181023;000000;4691;4896;4691;4770;2808341;0
LKOH;D;20181024;000000;4825;4995;4798;4995;6612873;0
LKOH;D;20181025;000000;4940;4968;4886;4943;1790415;0
LKOH;D;20181026;000000;4921;4924.5;4806;4888.5;1085876;0
LKOH;D;20181029;000000;4885;4926.5;4856;4872.5;624901;0
LKOH;D;20181030;000000;4841;4855;4726;4778.5;840102;0
LKOH;D;20181031;000000;4800.5;4946;4800.5;4945;799085;0
LKOH;D;20181101;000000;4910;5004;4861.5;4937;695196;0
LKOH;D;20181102;000000;4948;5004.5;4910;4980;895847;0
LKOH;D;20181106;000000;5000;5083;4976;5055;910145;0
LKOH;D;20181107;000000;5054.5;5174.5;5016;5174.5;732623;0
LKOH;D;20181108;000000;5176;5192.5;5130;5160;588944;0
LKOH;D;20181109;000000;5136;5147.5;4996.5;5094.5;896172;0
LKOH;D;20181112;000000;5101.5;5191;5101.5;5129;521518;0
LKOH;D;20181113;000000;5119;5126.5;4941;4959.5;1246408;0
LKOH;D;20181114;000000;4923;4933;4831.5;4856.5;964537;0
LKOH;D;20181115;000000;4864.5;4914;4835;4854;569079;0
LKOH;D;20181116;000000;4860.5;4915;4813;4824;655941;0
LKOH;D;20181119;000000;4850;4912;4820;4845.5;595428;0
LKOH;D;20181120;000000;4820;4830;4743;4809.5;620325;0
LKOH;D;20181121;000000;4799;4835;4766;4800;632581;0
LKOH;D;20181122;000000;4791.5;4819;4755;4813.5;435668;0
LKOH;D;20181123;000000;4800;4800;4624.5;4670;1188339;0
LKOH;D;20181126;000000;4699.5;4699.5;4555;4623;1165029;0
LKOH;D;20181127;000000;4632;4703;4609;4689;1042648;0
LKOH;D;20181128;000000;4699;4758;4655.5;4717.5;778668;0
LKOH;D;20181129;000000;4729;4796;4659;4766;1277988;0
LKOH;D;20181130;000000;4771;4900;4765;4896;1412897;0
LKOH;D;20181203;000000;4995;5098.5;4952;5098.5;1399629;0
LKOH;D;20181204;000000;5100;5221;5030;5209;1270270;0
LKOH;D;20181205;000000;5156;5260;5129.5;5260;943848;0
LKOH;D;20181206;000000;5220;5325;5084;5162.5;1361884;0
LKOH;D;20181207;000000;5170;5321.5;5103;5266.5;1471855;0
LKOH;D;20181210;000000;5249;5342;5149;5173.5;1073265;0
LKOH;D;20181211;000000;5151;5289.5;5114;5267;884766;0
LKOH;D;20181212;000000;5250;5270;5102;5102;833397;0
LKOH;D;20181213;000000;5105;5156;5040.5;5131.5;901995;0
LKOH;D;20181214;000000;5119.5;5141.5;5079;5100;734502;0
LKOH;D;20181217;000000;5091;5137.5;5071;5100;629951;0
LKOH;D;20181218;000000;5049;5049.5;4900;4925;1405909;0
LKOH;D;20181219;000000;4890;4928.5;4865;4910;936443;0
LKOH;D;20181220;000000;4830;4838.5;4716.5;4808.5;1557668;0
LKOH;D;20181221;000000;4789.5;4954;4745;4930;2283579;0
LKOH;D;20181224;000000;4900;4966;4842.5;4909;623396;0
LKOH;D;20181225;000000;4841;4842.5;4744.5;4810;269077;0
LKOH;D;20181226;000000;4829;4859;4803;4829.5;182587;0
LKOH;D;20181227;000000;4901;4925.5;4858;4884;494744;0
LKOH;D;20181228;000000;4911;5009.5;4901.5;4955.5;662664;0
LKOH;D;20181229;000000;4975;5000;4965;4997;57279;0
LKOH;D;20190103;000000;4984;5050;4886.5;5007;632153;0
LKOH;D;20190104;000000;5021;5083;5021;5074.5;350743;0
LKOH;D;20190108;000000;5037;5056;4964.5;5039;989453;0
LKOH;D;20190109;000000;5050;5077;5025;5060;820940;0
LKOH;D;20190110;000000;5048.5;5152;5004;5152;807655;0
LKOH;D;20190111;000000;5153.5;5212;5135.5;5200;682434;0
LKOH;D;20190114;000000;5187;5200;5134.5;5200;418371;0
LKOH;D;20190115;000000;5213.5;5237.5;5125;5195;611109;0
LKOH;D;20190116;000000;5197;5209.5;5114;5129;507299;0
LKOH;D;20190117;000000;5120;5187;5060;5184.5;704441;0
LKOH;D;20190118;000000;5194;5206;5143;5193.5;585467;0
LKOH;D;20190121;000000;5207;5224;5180.5;5200;279987;0
LKOH;D;20190122;000000;5187;5212;5158.5;5186;651497;0
LKOH;D;20190123;000000;5190.5;5222;5176.5;5205.5;593066;0
LKOH;D;20190124;000000;5185.5;5196.5;5143.5;5196.5;640887;0
LKOH;D;20190125;000000;5196;5246;5183.5;5215;667326;0
LKOH;D;20190128;000000;5212;5215;5143;5165;659844;0
LKOH;D;20190129;000000;5150;5215;5136;5196.5;515004;0
LKOH;D;20190130;000000;5184.5;5227;5184;5227;456853;0
LKOH;D;20190131;000000;5240;5300;5228;5272.5;791137;0
LKOH;D;20190201;000000;5267.5;5329.5;5241;5319.5;546468;0
LKOH;D;20190204;000000;5333;5406;5314.5;5350;489423;0
LKOH;D;20190205;000000;5363.5;5435;5363;5435;395021;0
LKOH;D;20190206;000000;5439;5488.5;5402.5;5461;569203;0
LKOH;D;20190207;000000;5444;5464.5;5385;5385;560613;0
LKOH;D;20190208;000000;5369.5;5403;5334.5;5386;517950;0
LKOH;D;20190211;000000;5381.5;5440;5380;5419.5;425813;0
LKOH;D;20190212;000000;5421.5;5475.5;5391.5;5439;438101;0
LKOH;D;20190213;000000;5434;5435.5;5313;5351;750434;0
LKOH;D;20190214;000000;5312;5395;5291;5360.5;811821;0
LKOH;D;20190215;000000;5388;5448;5361.5;5426;455541;0
LKOH;D;20190218;000000;5454;5485.5;5404;5483.5;505508;0
LKOH;D;20190219;000000;5483.5;5496;5428.5;5443.5;518735;0
LKOH;D;20190220;000000;5454;5495;5438.5;5445;583804;0
LKOH;D;20190221;000000;5438;5465.5;5416;5447.5;473013;0
LKOH;D;20190222;000000;5452;5527;5445.5;5527;570935;0
LKOH;D;20190225;000000;5531;5587.5;5496.5;5533;548742;0
LKOH;D;20190226;000000;5510;5551;5455.5;5551;595094;0
LKOH;D;20190227;000000;5561;5581;5526.5;5580;472896;0
LKOH;D;20190228;000000;5574;5587.5;5501;5501;852105;0
LKOH;D;20190301;000000;5517;5535;5488;5500.5;486945;0
LKOH;D;20190304;000000;5502.5;5550;5467;5546.5;425266;0
LKOH;D;20190305;000000;5535;5660;5530;5622.5;649004;0
LKOH;D;20190306;000000;5603;5730;5603;5713;770123;0
LKOH;D;20190307;000000;5690;5719.5;5642.5;5677;621335;0
LKOH;D;20190311;000000;5649;5669;5561;5561;664261;0
LKOH;D;20190312;000000;5584;5618.5;5571;5576;558181;0
LKOH;D;20190313;000000;5574;5609;5542.5;5609;530205;0
LKOH;D;20190314;000000;5616;5627;5580;5608;451468;0
LKOH;D;20190315;000000;5608;5662.5;5575.5;5662.5;988959;0
LKOH;D;20190318;000000;5625.5;5674.5;5600;5610;482950;0
LKOH;D;20190319;000000;5615;5682.5;5595;5682.5;552152;0
LKOH;D;20190320;000000;5682.5;5770;5664;5770;682158;0
LKOH;D;20190321;000000;5773;5793.5;5730;5759;1114265;0
LKOH;D;20190322;000000;5759;5799;5732;5793.5;700914;0
LKOH;D;20190325;000000;5760;5775;5729;5740;688816;0
LKOH;D;20190326;000000;5749;5819.5;5728.5;5809;486415;0
LKOH;D;20190327;000000;5805;5859.5;5802.5;5850;542224;0
LKOH;D;20190328;000000;5840;5890;5809;5880;646392;0
LKOH;D;20190329;000000;5881.5;5895;5841;5894;708494;0
LKOH;D;20190401;000000;5893;5942.5;5878.5;5909;435156;0
LKOH;D;20190402;000000;5919;5958;5902;5958;579149;0
LKOH;D;20190403;000000;5961;5996;5926;5926;596004;0
LKOH;D;20190404;000000;5929;5942.5;5863;5865;623610;0
LKOH;D;20190405;000000;5865;5905;5822;5822;473476;0
LKOH;D;20190408;000000;5851.5;5866.5;5800.5;5826;619901;0
LKOH;D;20190409;000000;5851;5851;5695;5736;1067819;0
LKOH;D;20190410;000000;5736;5738.5;5685.5;5692;763177;0
LKOH;D;20190411;000000;5689.5;5695;5627.5;5630;710264;0
LKOH;D;20190412;000000;5632;5647.5;5573.5;5600;610130;0
LKOH;D;20190415;000000;5601;5637.5;5586;5590;435112;0
LKOH;D;20190416;000000;5603;5662;5563;5609.5;733561;0
LKOH;D;20190417;000000;5630;5650;5548;5584;654558;0
LKOH;D;20190418;000000;5584;5610;5570;5610;469684;0
LKOH;D;20190419;000000;5620;5632.5;5600;5602;83771;0
LKOH;D;20190422;000000;5625;5696.5;5621.5;5690;276852;0
LKOH;D;20190423;000000;5700;5833.5;5700;5780;814827;0
LKOH;D;20190424;000000;5778;5800;5713.5;5760;637310;0
LKOH;D;20190425;000000;5768;5787;5648.5;5648.5;813292;0
LKOH;D;20190426;000000;5648;5648;5585;5588;671743;0
LKOH;D;20190429;000000;5612;5650;5545.5;5552;461635;0
LKOH;D;20190430;000000;5560;5581;5475;5511;924698;0
LKOH;D;20190502;000000;5510;5574;5506.5;5551;551551;0
LKOH;D;20190503;000000;5571.5;5599.5;5444;5453;729286;0
LKOH;D;20190506;000000;5421;5478;5369;5478;439246;0
LKOH;D;20190507;000000;5470.5;5479.5;5362;5405.5;1172134;0
LKOH;D;20190508;000000;5400.5;5406.5;5331;5331;802222;0
LKOH;D;20190510;000000;5315.5;5349.5;5258;5290;686582;0
LKOH;D;20190513;000000;5300;5378;5287.5;5350;821742;0
LKOH;D;20190514;000000;5330.5;5340;5165;5188.5;2213843;0
LKOH;D;20190515;000000;5206.5;5206.5;5000;5000;1739424;0
LKOH;D;20190516;000000;5000;5297.5;4980;5200;2899451;0
LKOH;D;20190517;000000;5170;5292.5;5170;5260;1404659;0
LKOH;D;20190520;000000;5254.5;5289;5172.5;5172.5;984747;0
LKOH;D;20190521;000000;5190;5329.5;5173;5300;1132972;0
LKOH;D;20190522;000000;5299.5;5364.5;5281;5317.5;747069;0
LKOH;D;20190523;000000;5300;5308;5260;5275;869165;0
LKOH;D;20190524;000000;5289;5313;5227.5;5240;848174;0
LKOH;D;20190527;000000;5250;5277;5198;5220;511953;0
LKOH;D;20190528;000000;5245;5272;5055;5100;6565822;0
LKOH;D;20190529;000000;5094;5249;5064.5;5240;1640216;0
LKOH;D;20190530;000000;5260;5324;5205;5230;1040325;0
LKOH;D;20190531;000000;5200;5268.5;5185;5268.5;877247;0
LKOH;D;20190603;000000;5256;5287;5226;5254.5;891610;0
LKOH;D;20190604;000000;5250.5;5276.5;5142.5;5170;1120517;0
LKOH;D;20190605;000000;5179.5;5184.5;5090;5103;912447;0
LKOH;D;20190606;000000;5105;5157;5095;5156.5;800241;0
LKOH;D;20190607;000000;5170;5184;5115;5133;1285920;0
LKOH;D;20190610;000000;5140;5186;5140;5181;602248;0
LKOH;D;20190611;000000;5175;5247;5165;5237;1054336;0
LKOH;D;20190613;000000;5210;5229;5155;5210.5;1000055;0
LKOH;D;20190614;000000;5192;5236.5;5178.5;5178.5;744740;0
LKOH;D;20190617;000000;5178;5220.5;5163;5190;776446;0
LKOH;D;20190618;000000;5183;5230;5157.5;5230;936099;0
LKOH;D;20190619;000000;5231;5255.5;5169;5245;857438;0
LKOH;D;20190620;000000;5267;5357.5;5258.5;5320;1663692;0
LKOH;D;20190621;000000;5307;5338;5268.5;5338;1544936;0
LKOH;D;20190624;000000;5338;5349;5270;5270;568356;0
LKOH;D;20190625;000000;5264;5311.5;5252.5;5309.5;596594;0
LKOH;D;20190626;000000;5307.5;5379;5307.5;5358.5;679718;0
LKOH;D;20190627;000000;5365;5417;5344;5380;555938;0
LKOH;D;20190628;000000;5380;5401.5;5292.5;5305;777518;0
LKOH;D;20190701;000000;5358;5414;5352.5;5378.5;576904;0
LKOH;D;20190702;000000;5388;5409.5;5359;5372;534736;0
LKOH;D;20190703;000000;5378;5387.5;5326.5;5345.5;611671;0
LKOH;D;20190704;000000;5346;5479.5;5340.5;5464.5;743542;0
LKOH;D;20190705;000000;5469;5530;5431;5460;1034667;0
LKOH;D;20190708;000000;5326;5379;5310;5357.5;678262;0
LKOH;D;20190709;000000;5357.5;5389;5353;5374;471887;0
LKOH;D;20190710;000000;5374;5376;5312;5365;624830;0
LKOH;D;20190711;000000;5368.5;5374.5;5250;5270;717382;0
LKOH;D;20190712;000000;5266;5287;5210.5;5263;509042;0
LKOH;D;20190715;000000;5254;5263.5;5151.5;5178.5;670344;0
LKOH;D;20190716;000000;5177;5200.5;5125;5190.5;659691;0
LKOH;D;20190717;000000;5190;5243;5172;5206;579687;0
LKOH;D;20190718;000000;5197.5;5223.5;5166;5166;364670;0
LKOH;D;20190719;000000;5185;5235;5185;5200.5;284084;0
LKOH;D;20190722;000000;5215.5;5240;5165.5;5165.5;359312;0
LKOH;D;20190723;000000;5175;5215;5166.5;5202.5;298386;0
LKOH;D;20190724;000000;5204.5;5205;5117;5134.5;538083;0
LKOH;D;20190725;000000;5147;5155;5062;5096.5;838535;0
LKOH;D;20190726;000000;5094;5150.5;5065;5075;881244;0
LKOH;D;20190729;000000;5076;5118;5070;5094.5;390034;0
LKOH;D;20190730;000000;5085.5;5106.5;5056;5105;685392;0
LKOH;D;20190731;000000;5111;5262;5102.5;5226.5;1160288;0
LKOH;D;20190801;000000;5205.5;5288.5;5194;5220.5;738210;0
LKOH;D;20190802;000000;5168.5;5245;5110;5130;1026138;0
LKOH;D;20190805;000000;5130;5169;5073.5;5139;1082766;0
LKOH;D;20190806;000000;5135;5234.5;5120.5;5234.5;1314452;0
LKOH;D;20190807;000000;5234;5262.5;5160;5210;1157490;0
LKOH;D;20190808;000000;5236.5;5302.5;5236.5;5268;1010794;0
LKOH;D;20190809;000000;5275;5287;5230.5;5287;766914;0
LKOH;D;20190812;000000;5319.5;5344;5292;5320;721090;0
LKOH;D;20190813;000000;5329.5;5330;5263.5;5276;796943;0
LKOH;D;20190814;000000;5265.5;5283;5090.5;5106.5;944164;0
LKOH;D;20190815;000000;5115;5123.5;5023.5;5023.5;888302;0
LKOH;D;20190816;000000;5048;5125;4982;5000;1041926;0
LKOH;D;20190819;000000;5030;5298;4996;5240;1904327;0
LKOH;D;20190820;000000;5260;5326.5;5203;5326.5;1053295;0
LKOH;D;20190821;000000;5335;5336;5254;5278;790942;0
LKOH;D;20190822;000000;5287.5;5305;5231;5275;601288;0
LKOH;D;20190823;000000;5278;5286.5;5158.5;5183.5;742478;0
LKOH;D;20190826;000000;5147;5210;5097.5;5115;566049;0
LKOH;D;20190827;000000;5124;5124;5035;5086.5;2851824;0
LKOH;D;20190828;000000;5095.5;5242.5;5055.5;5195;1911636;0
LKOH;D;20190829;000000;5219.5;5391;5199;5356;1905558;0
LKOH;D;20190830;000000;5356;5395;5327;5379.5;740271;0
LKOH;D;20190902;000000;5366;5506;5342;5475;843920;0
LKOH;D;20190903;000000;5452;5469;5371;5419;667867;0
LKOH;D;20190904;000000;5434.5;5476;5426.5;5450;683721;0
LKOH;D;20190905;000000;5460;5549.5;5460;5524.5;794565;0
LKOH;D;20190906;000000;5525.5;5555;5465;5526.5;692582;0
LKOH;D;20190909;000000;5537;5568;5471;5500;393729;0
LKOH;D;20190910;000000;5500.5;5504.5;5427;5476;485280;0
LKOH;D;20190911;000000;5478.5;5540;5437;5540;698686;0
LKOH;D;20190912;000000;5525;5536.5;5387.5;5429.5;853194;0
LKOH;D;20190913;000000;5406.5;5409.5;5340.5;5377.5;638231;0
LKOH;D;20190916;000000;5484;5582.5;5479.5;5559;1877393;0
LKOH;D;20190917;000000;5560;5600;5416;5472.5;1006856;0
LKOH;D;20190918;000000;5465;5480.5;5420;5467;573525;0
LKOH;D;20190919;000000;5455;5470.5;5382;5391;1113944;0
LKOH;D;20190920;000000;5389;5489;5371;5489;1578781;0
LKOH;D;20190923;000000;5460;5460;5403;5420;622325;0
LKOH;D;20190924;000000;5424;5438.5;5317.5;5337.5;688395;0
LKOH;D;20190925;000000;5326.5;5343.5;5265.5;5343.5;628849;0
LKOH;D;20190926;000000;5345;5399;5321;5387.5;619344;0
LKOH;D;20190927;000000;5383;5439.5;5370;5405;414147;0
LKOH;D;20190930;000000;5406;5435;5375.5;5387.5;477623;0
LKOH;D;20191001;000000;5390;5750;5385;5530;1695589;0
LKOH;D;20191002;000000;5530;5560;5405;5410;900852;0
LKOH;D;20191003;000000;5411;5450;5354;5362.5;666857;0
LKOH;D;20191004;000000;5384;5413.5;5300;5335;626907;0
LKOH;D;20191007;000000;5341;5388.5;5321;5367;420486;0
LKOH;D;20191008;000000;5376;5382;5315;5320;547392;0
LKOH;D;20191009;000000;5319;5337.5;5290;5304;532105;0
LKOH;D;20191010;000000;5308;5347;5261;5318.5;413506;0
LKOH;D;20191011;000000;5350;5466.5;5335;5425;827177;0
LKOH;D;20191014;000000;5448.5;5466;5387;5450;657236;0
LKOH;D;20191015;000000;5446;5622.5;5413.5;5601.5;1786560;0
LKOH;D;20191016;000000;5618;5803.5;5578;5710;3832134;0
LKOH;D;20191017;000000;5730;5817;5697;5715;1746329;0
LKOH;D;20191018;000000;5716;5748;5698;5720;717802;0
LKOH;D;20191021;000000;5722;5808.5;5705.5;5768;1074335;0
LKOH;D;20191022;000000;5800;5860.5;5771;5860.5;1208186;0
LKOH;D;20191023;000000;5849.5;5976;5828;5976;1070604;0
LKOH;D;20191024;000000;5960;6156;5957;6150;1730214;0
LKOH;D;20191025;000000;6121;6150;6026.5;6117.5;892202;0
LKOH;D;20191028;000000;6128.5;6194;5881;5916;1870618;0
LKOH;D;20191029;000000;5920;5950;5775.5;5820;1880721;0
LKOH;D;20191030;000000;5808;5896;5775;5850;1273087;0
LKOH;D;20191031;000000;5854;5977;5854;5919.5;1293941;0
LKOH;D;20191101;000000;5933.5;6045;5923;6021;797741;0
LKOH;D;20191105;000000;6066.5;6098;5955;6008;821452;0
LKOH;D;20191106;000000;6003.5;6140;5971;6140;1021395;0
LKOH;D;20191107;000000;6105;6144;6081;6133.5;1047562;0
LKOH;D;20191108;000000;6120;6135;6000;6040;729133;0
LKOH;D;20191111;000000;6000;6048;5958.5;6048;619945;0
LKOH;D;20191112;000000;6044;6098.5;5991;6033;633653;0
LKOH;D;20191113;000000;6004.5;6053;5976;6050;529921;0
LKOH;D;20191114;000000;6062;6165;6005.5;6084.5;1035327;0
LKOH;D;20191115;000000;6096;6170;6073.5;6161;862770;0
LKOH;D;20191118;000000;6177.5;6194;6066.5;6077;674965;0
LKOH;D;20191119;000000;6090;6137;6071;6090;536467;0
LKOH;D;20191120;000000;6066.5;6110;6025.5;6084.5;528908;0
LKOH;D;20191121;000000;6050;6088;6035;6087.5;437969;0
LKOH;D;20191122;000000;6062;6155;6062;6120;636349;0
LKOH;D;20191125;000000;6135;6137.5;6090;6103;394176;0
LKOH;D;20191126;000000;6105;6150;6060;6060;2320007;0
LKOH;D;20191127;000000;6069;6125.5;6060;6065;839412;0
LKOH;D;20191128;000000;6078;6133;6034;6120;724816;0
LKOH;D;20191129;000000;6120;6159.5;6084.5;6137.5;700302;0
LKOH;D;20191202;000000;6150;6227.5;6121.5;6159.5;946654;0
LKOH;D;20191203;000000;6159.5;6181;6031.5;6040;912501;0
LKOH;D;20191204;000000;6051.5;6106.5;6025.5;6073;682503;0
LKOH;D;20191205;000000;6082;6128.5;6054.5;6121.5;667172;0
LKOH;D;20191206;000000;6126;6220;6112.5;6220;714458;0
LKOH;D;20191209;000000;6236;6254.5;6182;6182;774803;0
LKOH;D;20191210;000000;6176;6191.5;6090;6095;844629;0
LKOH;D;20191211;000000;6088.5;6169;6080;6110;917654;0
LKOH;D;20191212;000000;6152;6165;6100;6136;1810421;0
LKOH;D;20191213;000000;6164.5;6197;6145;6168;1142550;0
LKOH;D;20191216;000000;6170;6212.5;6170;6190;704074;0
LKOH;D;20191217;000000;6193;6238.5;6187.5;6226;876963;0
LKOH;D;20191218;000000;6227;6258.5;6224.5;6250.5;1007116;0
LKOH;D;20191219;000000;6090;6150;6048.5;6079;1621047;0
LKOH;D;20191220;000000;6090;6097;6046;6079.5;2327379;0
LKOH;D;20191223;000000;6075.5;6095;6068.5;6082;767139;0
LKOH;D;20191224;000000;6084.5;6084.5;6050;6080.5;375764;0
LKOH;D;20191225;000000;6082.5;6089.5;6073;6081;236162;0
LKOH;D;20191226;000000;6080;6090;6076;6085;252200;0
LKOH;D;20191227;000000;6091;6155;6086.5;6150;459574;0
LKOH;D;20191230;000000;6153;6174.5;6144;6169;397600;0
LKOH;D;20200103;000000;6203.5;6294;6185;6294;795869;0
LKOH;D;20200106;000000;6300;6382;6284.5;6382;754518;0
LKOH;D;20200108;000000;6400;6513;6350.5;6496.5;976346;0
LKOH;D;20200109;000000;6450;6523.5;6393.5;6430;885962;0
LKOH;D;20200110;000000;6430.5;6505;6395;6490;499118;0
LKOH;D;20200113;000000;6492;6541.5;6465;6530;578058;0
LKOH;D;20200114;000000;6541.5;6566.5;6459.5;6520.5;719815;0
LKOH;D;20200115;000000;6519;6574;6480;6552.5;1053456;0
LKOH;D;20200116;000000;6558;6596;6542;6590;1021851;0
LKOH;D;20200117;000000;6590;6714.5;6581;6685;1209943;0
LKOH;D;20200120;000000;6700;6770;6684.5;6717;446766;0
LKOH;D;20200121;000000;6689;6716;6611;6708.5;548726;0
LKOH;D;20200122;000000;6719;6810;6655.5;6655.5;868105;0
LKOH;D;20200123;000000;6611;6633.5;6536.5;6590;1219853;0
LKOH;D;20200124;000000;6604;6650;6592.5;6620;507801;0
LKOH;D;20200127;000000;6540;6569.5;6413;6545;1078056;0
LKOH;D;20200128;000000;6565;6657;6503.5;6650;770628;0
LKOH;D;20200129;000000;6695.5;6726;6601.5;6633;948595;0
LKOH;D;20200130;000000;6499;6535;6415;6443.5;1606076;0
LKOH;D;20200131;000000;6635;6670;6540.5;6550.5;1766739;0
LKOH;D;20200203;000000;6517;6600;6517;6594.5;2677679;0
LKOH;D;20200204;000000;6602.5;6633;6490;6500;1671202;0
LKOH;D;20200205;000000;6517.5;6595;6452;6550.5;1105363;0
LKOH;D;20200206;000000;6587.5;6605;6501;6506.5;686416;0
LKOH;D;20200207;000000;6506.5;6529;6405;6450.5;946056;0
LKOH;D;20200210;000000;6450.5;6451.5;6350;6410;958337;0
LKOH;D;20200211;000000;6423;6441.5;6324.5;6397.5;1293245;0
LKOH;D;20200212;000000;6397;6466;6384.5;6466;950696;0
LKOH;D;20200213;000000;6455;6500;6388;6470.5;713241;0
LKOH;D;20200214;000000;6486;6498;6410;6451;484610;0
LKOH;D;20200217;000000;6439;6483.5;6431;6463;350713;0
LKOH;D;20200218;000000;6441;6442;6350.5;6378.5;714080;0
LKOH;D;20200219;000000;6407;6516;6405;6509;636803;0
LKOH;D;20200220;000000;6522;6560;6492.5;6543.5;741578;0
LKOH;D;20200221;000000;6519;6527.5;6450;6450;613524;0
LKOH;D;20200225;000000;6300;6348.5;6150.5;6165;1443783;0
LKOH;D;20200226;000000;6150;6268;6105.5;6256.5;1646844;0
LKOH;D;20200227;000000;6140;6186;6000;6000;1509864;0
LKOH;D;20200228;000000;5840;5870;5607;5699.5;3136177;0
LKOH;D;20200302;000000;5815;5897.5;5540;5550;2913732;0
LKOH;D;20200303;000000;5700;5900;5661;5782;1955344;0
LKOH;D;20200304;000000;5740.5;5928.5;5701.5;5908.5;1603921;0
LKOH;D;20200305;000000;5980;5996;5830;5862.5;1533383;0
LKOH;D;20200306;000000;5744.5;5775;5534.5;5592;2270105;0
LKOH;D;20200310;000000;5033;5083;4450;4549;7526760;0
LKOH;D;20200311;000000;4651;4988;4520;4908;4816839;0
LKOH;D;20200312;000000;4625;4745.5;4487.5;4511.5;3688507;0
LKOH;D;20200313;000000;4500;4760;4414;4414;3674323;0
LKOH;D;20200316;000000;4414;4414;4102;4251;2584084;0
LKOH;D;20200317;000000;4215;4326.5;4030;4168.5;2247349;0
LKOH;D;20200318;000000;4050.5;4145;3744;3754;3646263;0
LKOH;D;20200319;000000;3830;4484.5;3663;4333;4777045;0
LKOH;D;20200320;000000;4501;4745;4408;4472.5;5026033;0
LKOH;D;20200323;000000;4250;4409;4122;4175.5;3410036;0
LKOH;D;20200324;000000;4500;4550;4362.5;4494;2409326;0
LKOH;D;20200325;000000;4596;4725;4400;4590;2900489;0
LKOH;D;20200326;000000;4555;4700;4484.5;4700;2001929;0
LKOH;D;20200327;000000;4699;4745;4401.5;4430;2095726;0
LKOH;D;20200330;000000;4355;4459;4313;4459;1725236;0
LKOH;D;20200331;000000;4550;4715;4501;4715;2433310;0
LKOH;D;20200401;000000;4596;4734.5;4564;4674.5;1919728;0
LKOH;D;20200402;000000;4865;5229.5;4787.5;5050;3860103;0
LKOH;D;20200403;000000;5050;5364;4927;5204.5;3133078;0
LKOH;D;20200406;000000;5212;5270;5064;5163;2296193;0
LKOH;D;20200407;000000;5260;5260;5052.5;5118;1842884;0
LKOH;D;20200408;000000;5063;5175;5036.5;5140;1926786;0
LKOH;D;20200409;000000;5198;5275;5052;5201;2296255;0
LKOH;D;20200410;000000;5120;5139.5;5064;5130;716521;0
LKOH;D;20200413;000000;5118.5;5125;4933;5040;941577;0
LKOH;D;20200414;000000;5088;5119.5;4825;4844;2050966;0
LKOH;D;20200415;000000;4800;4800;4453;4484;2653586;0
LKOH;D;20200416;000000;4501.5;4631;4365;4561.5;3418181;0
LKOH;D;20200417;000000;4696;4697;4545;4620;1691455;0
LKOH;D;20200420;000000;4559.5;4637;4455;4522.5;1901928;0
LKOH;D;20200421;000000;4402;4533.5;4281;4475;3803184;0
LKOH;D;20200422;000000;4416.5;4810.5;4385.5;4810.5;3441491;0
LKOH;D;20200423;000000;4894.5;4979.5;4730;4902.5;2564752;0
LKOH;D;20200424;000000;4874.5;4876;4720;4745.5;1849964;0
LKOH;D;20200427;000000;4745;4790;4620;4650;1687755;0
LKOH;D;20200428;000000;4624;4808;4621;4738.5;2736525;0
LKOH;D;20200429;000000;4779;4940;4750;4897;2888562;0
LKOH;D;20200430;000000;4940;5040;4816.5;4826.5;3034509;0
LKOH;D;20200504;000000;4787;4909.5;4751.5;4848.5;1261445;0
LKOH;D;20200505;000000;4950;4985;4880;4975;1430540;0
LKOH;D;20200506;000000;5000;5014.5;4825;4857.5;1867699;0
LKOH;D;20200507;000000;4865;4950;4825;4839;1713477;0
LKOH;D;20200508;000000;4862.5;4879;4733;4832;1618465;0
LKOH;D;20200512;000000;4841;4928;4824;4897.5;1312203;0
LKOH;D;20200513;000000;4877.5;4896;4815.5;4819;1151391;0
LKOH;D;20200514;000000;4800;4870;4773;4870;1474143;0
LKOH;D;20200515;000000;4933;4968;4874.5;4874.5;1659668;0
LKOH;D;20200518;000000;4978.5;5191.5;4935;5170.5;2517559;0
LKOH;D;20200519;000000;5193;5285;5178.5;5272;2107046;0
LKOH;D;20200520;000000;5275;5471;5238;5450;2241360;0
LKOH;D;20200521;000000;5459;5548;5227;5286;2659586;0
LKOH;D;20200522;000000;5190.5;5348;5166;5317;1591595;0
LKOH;D;20200525;000000;5349.5;5420;5344;5412.5;619003;0
LKOH;D;20200526;000000;5500;5539.5;5435;5445;1608166;0
LKOH;D;20200527;000000;5424;5515.5;5285;5352.5;1740887;0
LKOH;D;20200528;000000;5355;5484.5;5309;5392;1392948;0
LKOH;D;20200529;000000;5380;5380;5224;5242.5;2452558;0
LKOH;D;20200601;000000;5349.5;5412.5;5269;5318;1315398;0
LKOH;D;20200602;000000;5357;5433;5340;5400;1356984;0
LKOH;D;20200603;000000;5450;5566.5;5424;5549.5;2084320;0
LKOH;D;20200604;000000;5530.5;5553;5430;5430;1480863;0
LKOH;D;20200605;000000;5475;5511.5;5434;5460;1219880;0
LKOH;D;20200608;000000;5490;5527.5;5351;5372;1556899;0
LKOH;D;20200609;000000;5400;5428.5;5305.5;5425;1389731;0
LKOH;D;20200610;000000;5410;5432;5314;5342;1522348;0
LKOH;D;20200611;000000;5305;5355.5;5269;5350;1439733;0
LKOH;D;20200615;000000;5220;5278;5120;5264;1755519;0
LKOH;D;20200616;000000;5327;5474.5;5310;5392;1603882;0
LKOH;D;20200617;000000;5418;5441.5;5301;5343;1356719;0
LKOH;D;20200618;000000;5330;5376;5290;5347;1228987;0
LKOH;D;20200619;000000;5411.5;5490;5389;5460;1875155;0
LKOH;D;20200622;000000;5436.5;5504.5;5392;5469;953886;0
LKOH;D;20200623;000000;5480;5507;5437.5;5452;955678;0
LKOH;D;20200625;000000;5325;5402;5310.5;5394;1556993;0
LKOH;D;20200626;000000;5388;5407;5303;5321.5;768876;0
LKOH;D;20200629;000000;5303;5327;5266.5;5315;976763;0
LKOH;D;20200630;000000;5310;5355;5279.5;5313;918107;0
LKOH;D;20200702;000000;5339.5;5422;5322.5;5416;1035932;0
LKOH;D;20200703;000000;5415.5;5431;5375.5;5416.5;481273;0
LKOH;D;20200706;000000;5451.5;5512;5450;5483.5;1127200;0
LKOH;D;20200707;000000;5475;5492.5;5429.5;5464;1013493;0
LKOH;D;20200708;000000;5465;5479;5405;5457;1425218;0
LKOH;D;20200709;000000;5157.5;5175;5061;5087;1707338;0
LKOH;D;20200710;000000;5048.5;5103;5026.5;5098;1016953;0
LKOH;D;20200713;000000;5116;5133.5;4909;4926.5;1215943;0
LKOH;D;20200714;000000;4933.5;4933.5;4784;4884;2045003;0
LKOH;D;20200715;000000;4901.5;4997;4865;4949.5;2058939;0
LKOH;D;20200716;000000;4929;4974;4895;4944.5;795472;0
LKOH;D;20200717;000000;4950.5;4972;4911;4946.5;558511;0
LKOH;D;20200720;000000;4948;4970;4910;4937;852694;0
LKOH;D;20200721;000000;4955;5005;4932.5;4953;1544015;0
LKOH;D;20200722;000000;4964.5;5063;4953;5037;1301767;0
LKOH;D;20200723;000000;5060;5089.5;4963.5;4974;1037388;0
LKOH;D;20200724;000000;4968;5010;4941.5;4987;1137981;0
LKOH;D;20200727;000000;4992.5;5039;4978;5013.5;962018;0
LKOH;D;20200728;000000;5021.5;5050;4976.5;5023;1101369;0
LKOH;D;20200729;000000;5034;5193;5022;5184.5;1821741;0
LKOH;D;20200730;000000;5170;5178;5055;5115;1138124;0
LKOH;D;20200731;000000;5114;5130;5051;5087.5;863152;0
LKOH;D;20200803;000000;5071;5087;5028;5037;827349;0
LKOH;D;20200804;000000;5052.5;5060;5002;5038.5;781024;0
LKOH;D;20200805;000000;5051;5155;5042;5136;1200589;0
LKOH;D;20200806;000000;5150.5;5174;5091;5130;882244;0
LKOH;D;20200807;000000;5112.5;5125.5;5066;5088;555614;0
LKOH;D;20200810;000000;5100;5153;5090;5112;649398;0
LKOH;D;20200811;000000;5115;5210;5113;5170;1302635;0
LKOH;D;20200812;000000;5188.5;5303.5;5188;5303;1089062;0
LKOH;D;20200813;000000;5300;5387;5252.5;5312;1023846;0
LKOH;D;20200814;000000;5323;5324;5234.5;5284.5;716916;0
LKOH;D;20200817;000000;5303;5321.5;5235;5281.5;678496;0
LKOH;D;20200818;000000;5255;5296;5231;5268.5;708172;0
LKOH;D;20200819;000000;5266;5313;5233;5246.5;629903;0
LKOH;D;20200820;000000;5220;5231;5088;5137.5;1222612;0
LKOH;D;20200821;000000;5150.5;5158;5027;5092.5;1040443;0
LKOH;D;20200824;000000;5110;5198;5103.5;5186;880228;0
LKOH;D;20200825;000000;5199.5;5228;5145;5220;972995;0
LKOH;D;20200826;000000;5230;5288;5197;5278;796121;0
LKOH;D;20200827;000000;5286;5292.5;5154;5174;1030676;0
LKOH;D;20200828;000000;5170;5178.5;5056.5;5082;777889;0
LKOH;D;20200831;000000;5095.5;5128.5;4960;4991;1417013;0
LKOH;D;20200901;000000;5010;5016;4917;4949;1287005;0
LKOH;D;20200902;000000;4952.5;4978.5;4828.5;4852;1545931;0
LKOH;D;20200903;000000;4840;4898;4795.5;4814;1514280;0
LKOH;D;20200904;000000;4802;4888;4802;4858;964480;0
LKOH;D;20200907;000000;4829;4850;4790;4795;647618;0
LKOH;D;20200908;000000;4801;4822;4684.5;4719.5;1302271;0
LKOH;D;20200909;000000;4701;4758.5;4664;4709;1082040;0
LKOH;D;20200910;000000;4716;4736;4631.5;4661;1072846;0
LKOH;D;20200911;000000;4667.5;4749;4645.5;4725.5;822491;0
LKOH;D;20200914;000000;4749.5;4804.5;4733;4752.5;946469;0
LKOH;D;20200915;000000;4755;4884;4735;4876;1499032;0
LKOH;D;20200916;000000;4893;4929.5;4821.5;4863.5;1354314;0
LKOH;D;20200917;000000;4813.5;4821;4750.5;4793.5;1540812;0
LKOH;D;20200918;000000;4805;4815.5;4655;4677;2915521;0
LKOH;D;20200921;000000;4664;4665;4462;4511;2314832;0
LKOH;D;20200922;000000;4504;4560;4458;4529;1449534;0
LKOH;D;20200923;000000;4525;4542;4443.5;4456;1339531;0
LKOH;D;20200924;000000;4459.5;4584.5;4410;4563;1625362;0
LKOH;D;20200925;000000;4578.5;4600.5;4478;4560;1163926;0
LKOH;D;20200928;000000;4574.5;4634.5;4552;4627;1053803;0
LKOH;D;20200929;000000;4629;4644.5;4484;4508.5;1596613;0
LKOH;D;20200930;000000;4487;4520.5;4457;4470;1018573;0
LKOH;D;20201001;000000;4489;4506.5;4390.5;4408.5;1025318;0
LKOH;D;20201002;000000;4376.5;4382.5;4313;4379;1220040;0
LKOH;D;20201005;000000;4405.5;4487;4363.5;4479;1229441;0
LKOH;D;20201006;000000;4492;4563.5;4486.5;4519.5;1156151;0
LKOH;D;20201007;000000;4504;4527;4398.5;4474;1172361;0
LKOH;D;20201008;000000;4481.5;4503;4431;4498;954794;0
LKOH;D;20201009;000000;4510;4510.5;4411;4451.5;853414;0
LKOH;D;20201012;000000;4444;4493.5;4428;4445;612369;0
LKOH;D;20201013;000000;4440;4473;4364;4374.5;798784;0
LKOH;D;20201014;000000;4371.5;4385.5;4326;4364.5;932158;0
LKOH;D;20201015;000000;4352;4362.5;4231;4271;1447902;0
LKOH;D;20201016;000000;4260;4301;4200.5;4253;1483662;0
LKOH;D;20201019;000000;4280;4296;4171;4194;824375;0
LKOH;D;20201020;000000;4185;4289;4164;4270;951566;0
LKOH;D;20201021;000000;4297;4297;4202;4211.5;875044;0
LKOH;D;20201022;000000;4190;4318;4182;4307.5;1087150;0
LKOH;D;20201023;000000;4305;4374.5;4287.5;4325;1004104;0
LKOH;D;20201026;000000;4289.5;4301.5;4205;4223;884878;0
LKOH;D;20201027;000000;4235;4249.5;4111;4123.5;1238276;0
LKOH;D;20201028;000000;4095;4109.5;3961;4012.5;2009306;0
LKOH;D;20201029;000000;4035.5;4080;3996;4057.5;1375834;0
LKOH;D;20201030;000000;4001;4089;3970;4050;1228320;0
LKOH;D;20201102;000000;4020;4165;3992;4162;1698996;0
LKOH;D;20201103;000000;4160;4269.5;4160;4252;1530896;0
LKOH;D;20201105;000000;4300.5;4379;4279.5;4321.5;1398804;0
LKOH;D;20201106;000000;4306;4418.5;4272;4396;1366027;0
LKOH;D;20201109;000000;4455;4820;4420;4755;4572008;0
LKOH;D;20201110;000000;4750;4950;4702;4884.5;3271228;0
LKOH;D;20201111;000000;4920.5;4996;4916.5;4945;2667838;0
LKOH;D;20201112;000000;4900;4939.5;4821.5;4853;1865295;0
LKOH;D;20201113;000000;4830;4900;4795;4879;947188;0
LKOH;D;20201116;000000;4901;4949.5;4861;4932.5;1404218;0
LKOH;D;20201117;000000;4943;4954;4796.5;4864;1513399;0
LKOH;D;20201118;000000;4841;4972;4818;4890;1367818;0
LKOH;D;20201119;000000;4880;4937;4850;4916;1214118;0
LKOH;D;20201120;000000;4915;4952;4877.5;4948.5;767359;0
LKOH;D;20201123;000000;4962;5046.5;4945.5;5026.5;1805934;0
LKOH;D;20201124;000000;5056;5179.5;5050;5179.5;2122623;0
LKOH;D;20201125;000000;5192;5395;5141.5;5392.5;3141954;0
LKOH;D;20201126;000000;5396;5400;5236;5243;1827082;0
LKOH;D;20201127;000000;5230;5269.5;5164.5;5260;1650507;0
LKOH;D;20201130;000000;5200;5250;4982;5063;3722676;0
LKOH;D;20201201;000000;5072;5121;5022;5058.5;1507829;0
LKOH;D;20201202;000000;5034;5199;5024;5167;1544646;0
LKOH;D;20201203;000000;5172;5184.5;4988;5053;2013518;0
LKOH;D;20201204;000000;5122;5195;5090.5;5122;1514440;0
LKOH;D;20201207;000000;5103.5;5143;5035.5;5039.5;1185738;0
LKOH;D;20201208;000000;5015.5;5059;4953;4994;1265912;0
LKOH;D;20201209;000000;5004;5128;4980;5023;1549389;0
LKOH;D;20201210;000000;5006.5;5338;5005.5;5287;2582921;0
LKOH;D;20201211;000000;5298.5;5420;5275;5380;2278053;0
LKOH;D;20201214;000000;5420;5494;5262;5325;2110358;0
LKOH;D;20201215;000000;5306.5;5399.5;5220;5297.5;1487749;0
LKOH;D;20201216;000000;5299.5;5307;5105;5174;2286551;0
LKOH;D;20201217;000000;5180;5244.5;5104;5188;2016282;0
LKOH;D;20201218;000000;5173;5176.5;5075;5140;2725306;0
LKOH;D;20201221;000000;5061.5;5115;4938.5;5095.5;2458741;0
LKOH;D;20201222;000000;5040.5;5138;5040.5;5073;1160624;0
LKOH;D;20201223;000000;5070;5130;5047.5;5107;659202;0
LKOH;D;20201224;000000;5128.5;5148;5082.5;5105.5;434562;0
LKOH;D;20201225;000000;5114.5;5114.5;5087.5;5106;134720;0
LKOH;D;20201228;000000;5114;5175.5;5101;5101.5;688228;0
LKOH;D;20201229;000000;5115.5;5170;5114;5143;661210;0
LKOH;D;20201230;000000;5149.5;5204;5146;5169.5;790048;0
LKOH;D;20210104;000000;5238.5;5274.5;5186.5;5212.5;778343;0
LKOH;D;20210105;000000;5214.5;5359;5180;5358.5;1178943;0
LKOH;D;20210106;000000;5375;5401;5304;5376.5;1394998;0
LKOH;D;20210108;000000;5450;5557.5;5425;5556.5;2070143;0
LKOH;D;20210111;000000;5510;5639;5451;5599;2047794;0
LKOH;D;20210112;000000;5616;5724.5;5615;5721;1747049;0
LKOH;D;20210113;000000;5750;5827;5706;5755;2045581;0
LKOH;D;20210114;000000;5750;5957.5;5715;5937;2106542;0
LKOH;D;20210115;000000;5882.5;5995;5852;5888.5;1915743;0
LKOH;D;20210118;000000;5865;5902;5802.5;5873;1308036;0
LKOH;D;20210119;000000;5913;5968;5854;5892;1243631;0
LKOH;D;20210120;000000;5907;5962;5843;5864;966472;0
LKOH;D;20210121;000000;5884.5;5921.5;5710;5771;1832271;0
LKOH;D;20210122;000000;5701;5787;5626;5740.5;1639101;0
LKOH;D;20210125;000000;5755;5797.5;5675;5722;1320901;0
LKOH;D;20210126;000000;5681;5703.5;5553;5595.5;1622050;0
LKOH;D;20210127;000000;5619.5;5631;5484;5499.5;1733280;0
LKOH;D;20210128;000000;5467;5617;5442.5;5575;1686020;0
LKOH;D;20210129;000000;5552;5561.5;5365.5;5377;2021903;0
LKOH;D;20210201;000000;5420;5426;5296.5;5406;2113706;0
LKOH;D;20210202;000000;5427.5;5577;5407.5;5516;2451039;0
LKOH;D;20210203;000000;5554;5642;5491.5;5555;1799457;0
LKOH;D;20210204;000000;5565;5728.5;5529;5699.5;2271731;0
LKOH;D;20210205;000000;5742;5770.5;5644;5715;1126362;0
LKOH;D;20210208;000000;5750;5797.5;5698;5758;963993;0
LKOH;D;20210209;000000;5780.5;5796;5654;5695;1051082;0
LKOH;D;20210210;000000;5699.5;5712.5;5560;5594.5;1340820;0
LKOH;D;20210211;000000;5581;5690;5546;5641.5;705999;0
LKOH;D;20210212;000000;5624.5;5756.5;5501;5756;1265401;0
LKOH;D;20210215;000000;5820;5910;5772;5909.5;1142351;0
LKOH;D;20210216;000000;5918;5930;5805.5;5868.5;933839;0
LKOH;D;20210217;000000;5865;5876.5;5682;5768.5;1285106;0
LKOH;D;20210218;000000;5761;5784;5588.5;5615;1263225;0
LKOH;D;20210219;000000;5576;5697;5561;5656;1243506;0
LKOH;D;20210220;000000;5657;5659;5602.5;5633;123120;0
LKOH;D;20210222;000000;5650.5;5797;5592;5786;1191981;0
LKOH;D;20210224;000000;5751;5791;5676.5;5788.5;1138744;0
LKOH;D;20210225;000000;5804.5;5888;5731;5740.5;1650247;0
LKOH;D;20210226;000000;5707;5794.5;5545;5575.5;2508179;0
LKOH;D;20210301;000000;5623;5660;5590.5;5634;1041586;0
LKOH;D;20210302;000000;5610;5676;5592;5648.5;771443;0
LKOH;D;20210303;000000;5682;5747.5;5631.5;5701;889035;0
LKOH;D;20210304;000000;5719;5955;5690;5806;1944534;0
LKOH;D;20210305;000000;5852;6245;5852;6236;3839237;0
LKOH;D;20210309;000000;6200;6405;6167;6305;1978806;0
LKOH;D;20210310;000000;6276;6300.5;6084;6127.5;1644012;0
LKOH;D;20210311;000000;6150;6339;6109.5;6339;1526249;0
LKOH;D;20210312;000000;6310.5;6377;6267;6356;950677;0
LKOH;D;20210315;000000;6381;6480;6360;6472.5;1704619;0
LKOH;D;20210316;000000;6451;6470.5;6314;6445;1911379;0
LKOH;D;20210317;000000;6450;6475;6294;6363;1610167;0
LKOH;D;20210318;000000;6369;6373.5;6059;6083;2135207;0
LKOH;D;20210319;000000;6073;6149;5960;6078;2907248;0
LKOH;D;20210322;000000;6063;6167;5980;6118;1218133;0
LKOH;D;20210323;000000;6088;6098;5951;5961;1731389;0
LKOH;D;20210324;000000;5999.5;6231;5976;6162.5;1527101;0
LKOH;D;20210325;000000;6155;6195.5;6056;6182;1161877;0
LKOH;D;20210326;000000;6200;6289;6194;6283;1197568;0
LKOH;D;20210329;000000;6233;6278;6174;6257.5;818553;0
LKOH;D;20210330;000000;6268;6316.5;6125.5;6155;945193;0
LKOH;D;20210331;000000;6172.5;6188;6097.5;6111.5;833984;0
LKOH;D;20210401;000000;6152.5;6189;6015;6112;1143940;0
LKOH;D;20210402;000000;6120.5;6137;6076.5;6108.5;236119;0
LKOH;D;20210405;000000;6095;6095;5951;5990.5;856536;0
LKOH;D;20210406;000000;6008;6024;5871.5;5891;1171924;0
LKOH;D;20210407;000000;5893.5;6001;5842;5978;1424539;0
LKOH;D;20210408;000000;5990;6068;5945;6008.5;768587;0
LKOH;D;20210409;000000;6001;6006;5867;5933;1148067;0
LKOH;D;20210412;000000;5900;6037;5886.5;6020;1271608;0
LKOH;D;20210413;000000;6003.5;6055;5946.5;6044.5;752392;0
LKOH;D;20210414;000000;6080;6168.5;5975;6134;1343550;0
LKOH;D;20210415;000000;6088.5;6118.5;6017;6054.5;1194216;0
LKOH;D;20210416;000000;6089;6104;6025;6066;761537;0
LKOH;D;20210419;000000;6059;6087;5986;6007;555681;0
LKOH;D;20210420;000000;6021.5;6061;5840;5897;1450363;0
LKOH;D;20210421;000000;5882;5966.5;5876.5;5946;850747;0
LKOH;D;20210422;000000;5945;6057;5886.5;5999;1305530;0
LKOH;D;20210423;000000;6020;6027.5;5931;5950;855974;0
LKOH;D;20210426;000000;5952;5971;5892.5;5919;841031;0
LKOH;D;20210427;000000;5917;5966.5;5870.5;5903.5;763487;0
LKOH;D;20210428;000000;5906;5945;5844;5901;891582;0
LKOH;D;20210429;000000;5931;5945;5875;5926;1023222;0
LKOH;D;20210430;000000;5917.5;5945;5760;5805;1379074;0
LKOH;D;20210504;000000;5824;5999;5815;5991;1373584;0
LKOH;D;20210505;000000;6010;6156;5985.5;6122;1341451;0
LKOH;D;20210506;000000;6122;6185;6061;6087;1017307;0
LKOH;D;20210507;000000;6104;6122.5;6042.5;6088;726508;0
LKOH;D;20210510;000000;6097;6203;6093;6118;1043015;0
LKOH;D;20210511;000000;6093.5;6093.5;5948;6021;1247646;0
LKOH;D;20210512;000000;6028;6205;6003.5;6119;1425406;0
LKOH;D;20210513;000000;6100;6127;5999.5;6040;1174685;0
LKOH;D;20210514;000000;6052.5;6077;6002;6050;506014;0
LKOH;D;20210517;000000;6020;6026;5868.5;5976;1721230;0
LKOH;D;20210518;000000;6000;6043;5962.5;5994;1805082;0
LKOH;D;20210519;000000;5969;5978;5767.5;5862.5;1734941;0
LKOH;D;20210520;000000;5855;5863.5;5681;5711;1350818;0
LKOH;D;20210521;000000;5719;5852;5697;5800.5;1123385;0
LKOH;D;20210524;000000;5831.5;5859.5;5774;5818;572345;0
LKOH;D;20210525;000000;5835;5975.5;5823;5913;1086511;0
LKOH;D;20210526;000000;5923;6019.5;5918;6016.5;1173581;0
LKOH;D;20210527;000000;6000;6012;5915;5992;1612395;0
LKOH;D;20210528;000000;6012;6030;5936;5955;734305;0
LKOH;D;20210531;000000;5957;6010.5;5951;5993;393169;0
LKOH;D;20210601;000000;6021;6223;6017;6210;2081713;0
LKOH;D;20210602;000000;6222;6430;6215;6428;2239304;0
LKOH;D;20210603;000000;6460;6499;6327;6474.5;1956653;0
LKOH;D;20210604;000000;6472;6570;6442;6511;1523774;0
LKOH;D;20210607;000000;6489.5;6590;6460;6555;919194;0
LKOH;D;20210608;000000;6530;6564.5;6400;6504.5;1372864;0
LKOH;D;20210609;000000;6525;6595.5;6487;6587;942956;0
LKOH;D;20210610;000000;6575.5;6660.5;6548;6570;1088751;0
LKOH;D;20210611;000000;6570;6607.5;6488;6518.5;578710;0
LKOH;D;20210614;000000;6528;6547.5;6447;6515;581598;0
LKOH;D;20210615;000000;6530;6530;6431;6504.5;827998;0
LKOH;D;20210616;000000;6524;6637.5;6522.5;6591.5;1181404;0
LKOH;D;20210617;000000;6570;6746;6560.5;6669.5;1678653;0
LKOH;D;20210618;000000;6640;6710;6606;6653;1865165;0
LKOH;D;20210621;000000;6645;6700;6603;6697;687141;0
LKOH;D;20210622;000000;6737.5;6769;6663;6715.5;1072490;0
LKOH;D;20210623;000000;6733;6741.5;6621;6633;1062165;0
LKOH;D;20210624;000000;6632.5;6759;6620;6725;1483768;0
LKOH;D;20210625;000000;6712;6813;6710.5;6810;882066;0
LKOH;D;20210628;000000;6810;6867;6744;6759;805119;0
LKOH;D;20210629;000000;6730.5;6749;6642.5;6685;1285234;0
LKOH;D;20210630;000000;6686;6804.5;6617;6762.5;1145816;0
LKOH;D;20210701;000000;6770;7013;6762;7010;1490962;0
LKOH;D;20210702;000000;6827;6920;6810.5;6849;999683;0
LKOH;D;20210705;000000;6878;6878;6767;6845;387183;0
LKOH;D;20210706;000000;6870;6939;6824;6829;1543291;0
LKOH;D;20210707;000000;6825;6904.5;6732.5;6782;935129;0
LKOH;D;20210708;000000;6740;6750;6597;6684;1030130;0
LKOH;D;20210709;000000;6668;6717;6618;6655;844390;0
LKOH;D;20210712;000000;6650;6650;6573;6611;539896;0
LKOH;D;20210713;000000;6625;6646;6580;6637;650198;0
LKOH;D;20210714;000000;6631;6750;6562;6566;1139931;0
LKOH;D;20210715;000000;6550;6552;6403;6430.5;974161;0
LKOH;D;20210716;000000;6397;6479.5;6327.5;6362;783182;0
LKOH;D;20210719;000000;6303.5;6339;6213.5;6228;927952;0
LKOH;D;20210720;000000;6270;6330;6205;6307.5;1050384;0
LKOH;D;20210721;000000;6291;6408.5;6265.5;6393;910007;0
LKOH;D;20210722;000000;6401.5;6467;6330.5;6456;866931;0
LKOH;D;20210723;000000;6467.5;6477.5;6380.5;6433.5;737085;0
LKOH;D;20210726;000000;6371;6408;6315;6405;646238;0
LKOH;D;20210727;000000;6375;6401.5;6292;6332.5;648657;0
LKOH;D;20210728;000000;6346;6427;6342;6415;687712;0
LKOH;D;20210729;000000;6445;6455.5;6382.5;6416;675045;0
LKOH;D;20210730;000000;6395;6402;6266.5;6299;1129971;0
LKOH;D;20210802;000000;6308.5;6380;6260;6308;893449;0
LKOH;D;20210803;000000;6302;6330;6205.5;6297;999608;0
LKOH;D;20210804;000000;6310;6333.5;6226;6235;755593;0
LKOH;D;20210805;000000;6215;6312;6211.5;6312;578500;0
LKOH;D;20210806;000000;6319;6328.5;6227;6236;727805;0
LKOH;D;20210809;000000;6198;6310;6110.5;6290;790810;0
LKOH;D;20210810;000000;6324.5;6427.5;6322;6423.5;997680;0
LKOH;D;20210811;000000;6438;6487.5;6400;6450;918499;0
LKOH;D;20210812;000000;6450;6530;6431.5;6504.5;621417;0
LKOH;D;20210813;000000;6490;6512;6406;6429.5;572572;0
LKOH;D;20210816;000000;6400;6503;6369.5;6495.5;622022;0
LKOH;D;20210817;000000;6475;6615;6441.5;6567.5;1150414;0
LKOH;D;20210818;000000;6605;6615;6444.5;6445;757476;0
LKOH;D;20210819;000000;6401;6424.5;6255;6332;1237533;0
LKOH;D;20210820;000000;6315;6348;6262.5;6339.5;561424;0
LKOH;D;20210823;000000;6394;6489;6371;6475.5;752252;0
LKOH;D;20210824;000000;6500;6521.5;6408;6488;634445;0
LKOH;D;20210825;000000;6462;6483;6420.5;6431;407057;0
LKOH;D;20210826;000000;6420;6430;6308;6343.5;610562;0
LKOH;D;20210827;000000;6373;6443;6325.5;6429.5;770489;0
LKOH;D;20210830;000000;6445;6471.5;6403.5;6439;504822;0
LKOH;D;20210831;000000;6438;6449;6221;6283.5;2057150;0
LKOH;D;20210901;000000;6300;6351;6264;6334;1106990;0
LKOH;D;20210902;000000;6330;6408;6278.5;6350.5;1129794;0
LKOH;D;20210903;000000;6364;6366;6301;6330;653649;0
LKOH;D;20210906;000000;6327;6372;6314.5;6325;561608;0
LKOH;D;20210907;000000;6335;6338.5;6268.5;6280;791767;0
LKOH;D;20210908;000000;6282;6354;6246.5;6341.5;1079330;0
LKOH;D;20210909;000000;6330;6354.5;6261;6269.5;828093;0
LKOH;D;20210910;000000;6300;6339;6272;6300;749569;0
LKOH;D;20210913;000000;6321;6423.5;6308;6420.5;806702;0
LKOH;D;20210914;000000;6441;6600;6428.5;6570;1833739;0
LKOH;D;20210915;000000;6600;6767;6583.5;6724.5;1492013;0
LKOH;D;20210916;000000;6693;6800;6565;6664;1763382;0
LKOH;D;20210917;000000;6670.5;6673;6565;6600.5;1333070;0
LKOH;D;20210920;000000;6540;6596.5;6494;6551;869585;0
LKOH;D;20210921;000000;6579;6660;6557;6605;917997;0
LKOH;D;20210922;000000;6652.5;6721.5;6622;6702;669169;0
LKOH;D;20210923;000000;6750;6801;6707;6801;968046;0
LKOH;D;20210924;000000;6800;6859.5;6740.5;6825;825317;0
LKOH;D;20210927;000000;6900;7003;6871;6986;1414529;0
LKOH;D;20210928;000000;7015;7141.5;6964;6968;1474733;0
LKOH;D;20210929;000000;6929;7030;6900.5;6992;1055481;0
LKOH;D;20210930;000000;7010;7039;6850.5;6903.5;1428208;0
LKOH;D;20211001;000000;6866;6990;6835;6987.5;698375;0
LKOH;D;20211004;000000;7000;7160.5;6940.5;7134.5;1571166;0
LKOH;D;20211005;000000;7160;7417;7123;7346.5;1668884;0
LKOH;D;20211006;000000;7410;7417;7030;7096;1551968;0
LKOH;D;20211007;000000;7132;7189.5;6984.5;7165;1283224;0
LKOH;D;20211008;000000;7205;7279;7170.5;7220;923158;0
LKOH;D;20211011;000000;7299.5;7320;7253;7264;741966;0
LKOH;D;20211012;000000;7210;7332;7192;7306;818744;0
LKOH;D;20211013;000000;7333;7333.5;7070.5;7252;1258068;0
LKOH;D;20211014;000000;7285.5;7319;7172;7215;805588;0
LKOH;D;20211015;000000;7252;7318;7195;7306.5;951697;0
LKOH;D;20211018;000000;7320;7364;7271.5;7319;712413;0
LKOH;D;20211019;000000;7336;7373;7240.5;7373;761337;0
LKOH;D;20211020;000000;7363;7460;7320;7439;855926;0
LKOH;D;20211021;000000;7400;7429;7202.5;7232;930442;0
LKOH;D;20211022;000000;7213;7314.5;7172;7200;818275;0
LKOH;D;20211025;000000;7239;7483;7215;7441.5;1354312;0
LKOH;D;20211026;000000;7449;7525;7381;7440.5;1135365;0
LKOH;D;20211027;000000;7405;7486.5;7322;7323.5;747021;0
LKOH;D;20211028;000000;7286;7320;7190;7288.5;1384419;0
LKOH;D;20211029;000000;7260;7315;7118;7272.5;1312102;0
LKOH;D;20211101;000000;7265;7327.5;7242;7293;595251;0
LKOH;D;20211102;000000;7304;7394;7193.5;7214;947121;0
LKOH;D;20211103;000000;7190;7202.5;7125;7175;595460;0
LKOH;D;20211105;000000;7132;7205;7082;7199;593784;0
LKOH;D;20211108;000000;7240;7275;7202;7208.5;511334;0
LKOH;D;20211109;000000;7200;7255;7117.5;7188;792617;0
LKOH;D;20211110;000000;7209;7266;7120;7137.5;656157;0
LKOH;D;20211111;000000;7158;7171;6969;7094.5;1091134;0
LKOH;D;20211112;000000;7061.5;7067;6835;6878;1938669;0
LKOH;D;20211115;000000;6852;6979.5;6815;6918.5;910006;0
LKOH;D;20211116;000000;6956;7006;6905;6946.5;847550;0
LKOH;D;20211117;000000;6945;6950;6840;6884.5;1145790;0
LKOH;D;20211118;000000;6832;6887;6783.5;6840;815008;0
LKOH;D;20211119;000000;6897;6902.5;6660;6709;1373425;0
LKOH;D;20211122;000000;6690;6756.5;6532;6575.5;1753618;0
LKOH;D;20211123;000000;6551;6837;6490;6829.5;1589865;0
LKOH;D;20211124;000000;6850.5;6891;6686.5;6814.5;1373375;0
LKOH;D;20211125;000000;6814.5;6890.5;6655;6661.5;1077941;0
LKOH;D;20211126;000000;6462;6516.5;6335.5;6374;2178016;0
LKOH;D;20211129;000000;6510;6713;6480;6616;1810788;0
LKOH;D;20211130;000000;6502;6688.5;6418.5;6513;2729250;0
LKOH;D;20211201;000000;6600;6740.5;6543;6576.5;1741752;0
LKOH;D;20211202;000000;6611;6768;6558;6732;1462843;0
LKOH;D;20211203;000000;6751;6770;6571.5;6639.5;843400;0
LKOH;D;20211206;000000;6690;6740;6500;6650;1174784;0
LKOH;D;20211207;000000;6664;6766.5;6645;6720.5;2165697;0
LKOH;D;20211208;000000;6721;6784.5;6510;6574.5;2076631;0
LKOH;D;20211209;000000;6594;6636;6501.5;6619;1226562;0
LKOH;D;20211210;000000;6624.5;6673;6568.5;6619.5;675348;0
LKOH;D;20211213;000000;6630;6700;6352;6376;1539832;0
LKOH;D;20211214;000000;6399.5;6628;5912.5;6592;2086361;0
LKOH;D;20211215;000000;6591;6625;6447;6595;1122112;0
LKOH;D;20211216;000000;6604.5;6779;6595;6729;1752948;0
LKOH;D;20211217;000000;6737.5;6765;6603.5;6670;2014454;0
LKOH;D;20211220;000000;6344;6368;6237;6328.5;1725550;0
LKOH;D;20211221;000000;6350;6428;6285;6348.5;1119668;0
LKOH;D;20211222;000000;6368.5;6393.5;6319.5;6349.5;838937;0
LKOH;D;20211223;000000;6359;6380;6285;6304.5;665462;0
LKOH;D;20211224;000000;6300;6328;6220.5;6313.5;385833;0
LKOH;D;20211227;000000;6321.5;6398.5;6315;6397.5;515599;0
LKOH;D;20211228;000000;6395;6559.5;6377;6478;994800;0
LKOH;D;20211229;000000;6488;6525;6421;6516;842308;0
LKOH;D;20211230;000000;6516.5;6597;6480;6573;768283;0
