<TICKER>;<PER>;<DATE>;<TIME>;<OPEN>;<HIGH>;<LOW>;<CLOSE>;<VOL>;<OPENINT>
MAGN;D;20170103;000000;33.2;34.05;32.95;33.01;6959900;0
MAGN;D;20170104;000000;33.11;33.4;32.955;33.255;3523200;0
MAGN;D;20170105;000000;33.4;33.45;32.85;32.95;3595300;0
MAGN;D;20170106;000000;32.885;33.095;32.7;32.805;3968000;0
MAGN;D;20170109;000000;32.9;33.4;32.625;32.905;6078500;0
MAGN;D;20170110;000000;32.905;33.93;32.76;33.57;6870700;0
MAGN;D;20170111;000000;33.89;34.4;33.615;34.3;7340600;0
MAGN;D;20170112;000000;34.3;34.615;33.815;33.875;4919200;0
MAGN;D;20170113;000000;34;34.265;33.285;34.1;6314100;0
MAGN;D;20170116;000000;34;34.645;33.94;34.495;4502100;0
MAGN;D;20170117;000000;34.495;35.105;34.02;34.65;7336800;0
MAGN;D;20170118;000000;34.655;34.77;33.9;33.9;6204100;0
MAGN;D;20170119;000000;33.91;34.375;33.78;34.08;6722200;0
MAGN;D;20170120;000000;34.02;34.595;33.99;34.3;4881300;0
MAGN;D;20170123;000000;34.37;34.925;34.135;34.75;9717100;0
MAGN;D;20170124;000000;34.68;34.97;34.565;34.665;4564000;0
MAGN;D;20170125;000000;34.86;36.12;34.6;36;16714100;0
MAGN;D;20170126;000000;36.1;37.37;35.925;37.37;16226400;0
MAGN;D;20170127;000000;37.49;37.99;36.605;37.68;11579400;0
MAGN;D;20170130;000000;37.5;38.38;37.3;38;18601600;0
MAGN;D;20170131;000000;38.31;39.53;37.615;39.345;35307400;0
MAGN;D;20170201;000000;39.45;41.21;39.305;40.7;26417900;0
MAGN;D;20170202;000000;40.75;41.9;40.56;41.27;24577000;0
MAGN;D;20170203;000000;41.31;42.84;41.1;42.605;26337700;0
MAGN;D;20170206;000000;42.72;43.6;41.805;41.9;24715100;0
MAGN;D;20170207;000000;41.9;42.06;40.5;40.95;19090700;0
MAGN;D;20170208;000000;40.85;41.995;40.85;41.35;13878000;0
MAGN;D;20170209;000000;41.45;42.33;41.45;42;9288500;0
MAGN;D;20170210;000000;42.01;42.65;40.56;40.8;21524200;0
MAGN;D;20170213;000000;40.95;41.765;40.83;41.69;20315700;0
MAGN;D;20170214;000000;41.845;41.94;40.735;41.1;10747300;0
MAGN;D;20170215;000000;41.27;41.77;40.715;41.32;13600000;0
MAGN;D;20170216;000000;41.495;41.5;41.1;41.12;10450800;0
MAGN;D;20170217;000000;41.4;41.745;40.115;40.2;12185700;0
MAGN;D;20170220;000000;40.45;40.745;39.7;40.495;7977900;0
MAGN;D;20170221;000000;40.56;40.75;39.815;39.815;5096700;0
MAGN;D;20170222;000000;39.81;40.33;39.065;39.4;10313200;0
MAGN;D;20170224;000000;38.905;39.345;38.535;38.55;8264600;0
MAGN;D;20170227;000000;38.605;38.63;36.795;37.65;17791500;0
MAGN;D;20170228;000000;37.74;38.145;31.385;36.98;26733100;0
MAGN;D;20170301;000000;36.565;38.4;36.565;37.675;13598400;0
MAGN;D;20170302;000000;37.885;38.45;36.85;37.29;11470500;0
MAGN;D;20170303;000000;36.995;37.63;36.12;37.505;7182000;0
MAGN;D;20170306;000000;37.47;38;36.41;36.78;5812200;0
MAGN;D;20170307;000000;36.75;36.885;34.65;34.78;14181500;0
MAGN;D;20170309;000000;34.5;35.46;32.9;34.17;22961200;0
MAGN;D;20170310;000000;34.42;34.7;32.96;33;15285400;0
MAGN;D;20170313;000000;33.05;34.3;33.025;34;13482200;0
MAGN;D;20170314;000000;34;35.695;34;35.15;20090300;0
MAGN;D;20170315;000000;35;35.845;34.715;35.185;15881800;0
MAGN;D;20170316;000000;35.58;36.5;35.435;36.35;14274900;0
MAGN;D;20170317;000000;36.32;37.5;36.32;37.01;10669200;0
MAGN;D;20170320;000000;37.1;38.095;36.845;37.8;15083700;0
MAGN;D;20170321;000000;37.895;38.635;37.25;37.5;20177400;0
MAGN;D;20170322;000000;37.245;37.5;36.15;37.5;12894700;0
MAGN;D;20170323;000000;37.5;38.2;37.05;37.375;8062700;0
MAGN;D;20170324;000000;37.5;37.69;37.1;37.605;2856500;0
MAGN;D;20170327;000000;37.315;37.575;36.24;37.35;10346300;0
MAGN;D;20170328;000000;37.555;38.03;37.005;37.95;12753600;0
MAGN;D;20170329;000000;38.14;38.37;37.3;37.375;7159600;0
MAGN;D;20170330;000000;37.785;37.785;36.85;36.9;13197400;0
MAGN;D;20170331;000000;37;37.205;36.535;36.635;7751600;0
MAGN;D;20170403;000000;36.705;37.3;36.6;37.09;4581600;0
MAGN;D;20170404;000000;37.09;37.175;36.25;36.63;4572700;0
MAGN;D;20170405;000000;36.63;37.5;36.63;37.2;18543600;0
MAGN;D;20170406;000000;37.09;37.18;36.75;36.9;6504200;0
MAGN;D;20170407;000000;36.7;36.72;35.415;35.655;8828600;0
MAGN;D;20170410;000000;35.31;35.595;34.165;35.31;13557400;0
MAGN;D;20170411;000000;35.31;37.045;34.675;36.795;11837400;0
MAGN;D;20170412;000000;36.795;37;35.625;35.74;5990800;0
MAGN;D;20170413;000000;35.74;36.6;34.805;36.315;9891300;0
MAGN;D;20170414;000000;36.455;36.765;35.635;35.7;3726500;0
MAGN;D;20170417;000000;35.7;36.485;35.51;36.335;3980900;0
MAGN;D;20170418;000000;36.335;36.6;34.55;34.76;14783200;0
MAGN;D;20170419;000000;34.605;34.955;33.735;34.225;12494800;0
MAGN;D;20170420;000000;33.915;34.31;32.81;34.05;15573100;0
MAGN;D;20170421;000000;34.25;34.93;33.615;34.155;10375300;0
MAGN;D;20170424;000000;34.6;35.385;34.33;34.97;7556800;0
MAGN;D;20170425;000000;35.35;35.475;34.52;34.665;6957800;0
MAGN;D;20170426;000000;34.8;34.99;34.225;34.85;6433400;0
MAGN;D;20170427;000000;34.94;34.94;33.62;34.105;7412200;0
MAGN;D;20170428;000000;34.23;34.505;33.65;33.905;8818800;0
MAGN;D;20170502;000000;33.8;35.85;33.8;35.85;13122300;0
MAGN;D;20170503;000000;35.665;35.945;35.04;35.6;10575200;0
MAGN;D;20170504;000000;35.505;36.65;35.295;35.985;12210800;0
MAGN;D;20170505;000000;35.665;35.8;35.05;35.8;5340400;0
MAGN;D;20170510;000000;36;36.3;34.885;35.19;9008300;0
MAGN;D;20170511;000000;35.19;35.93;33.86;33.87;14435300;0
MAGN;D;20170512;000000;34.1;34.27;33.36;34.205;8734400;0
MAGN;D;20170515;000000;33.81;34.56;32.65;33.165;8807400;0
MAGN;D;20170516;000000;32.955;33.17;32.125;32.5;15669400;0
MAGN;D;20170517;000000;32.135;32.82;31.77;31.77;13170600;0
MAGN;D;20170518;000000;31.82;32.335;31.415;32.17;12516800;0
MAGN;D;20170519;000000;32.105;32.68;30.915;32.1;15442200;0
MAGN;D;20170522;000000;32.175;32.24;31.005;31.005;7413000;0
MAGN;D;20170523;000000;31.04;32.39;30.63;32.11;11799500;0
MAGN;D;20170524;000000;32.1;32.4;31.61;31.99;6318000;0
MAGN;D;20170525;000000;32.28;32.585;31.895;32.3;6418800;0
MAGN;D;20170526;000000;32.09;32.165;31.37;31.37;6811600;0
MAGN;D;20170529;000000;31.5;31.775;30.76;31;6959100;0
MAGN;D;20170530;000000;31.2;31.86;30.5;31.54;11601800;0
MAGN;D;20170531;000000;31.7;31.775;30.91;31.095;9453500;0
MAGN;D;20170601;000000;31.3;31.3;30.14;30.6;11861200;0
MAGN;D;20170602;000000;30.8;31.025;29.57;30.9;15706000;0
MAGN;D;20170605;000000;30.005;30.335;29.65;29.81;8157000;0
MAGN;D;20170606;000000;29.985;29.99;29.25;29.475;8099900;0
MAGN;D;20170607;000000;29.4;29.945;29.255;29.6;8410800;0
MAGN;D;20170608;000000;29.51;29.855;29.05;29.4;9427000;0
MAGN;D;20170609;000000;29.57;29.765;29.35;29.765;8651100;0
MAGN;D;20170613;000000;29.765;29.99;29.4;29.795;5899600;0
MAGN;D;20170614;000000;29.795;29.95;29.105;29.4;10362700;0
MAGN;D;20170615;000000;29.105;29.335;27.72;28.82;26626000;0
MAGN;D;20170616;000000;29.065;29.535;28.655;29.38;10095400;0
MAGN;D;20170619;000000;29.23;29.485;29.08;29.31;7505500;0
MAGN;D;20170620;000000;29.31;29.725;29.25;29.69;8666700;0
MAGN;D;20170621;000000;29.78;30.395;28.75;29.835;18902800;0
MAGN;D;20170622;000000;29.7;31.59;29.655;31.46;19716100;0
MAGN;D;20170623;000000;31.525;31.75;30.855;31.41;12457000;0
MAGN;D;20170626;000000;31.41;32.24;31.41;32.08;9893000;0
MAGN;D;20170627;000000;32.15;32.54;31.81;32.46;11515800;0
MAGN;D;20170628;000000;32.46;33.785;32.225;33.3;18548800;0
MAGN;D;20170629;000000;33.31;34.385;33.16;33.505;21935500;0
MAGN;D;20170630;000000;33.415;33.97;33.195;33.35;15212500;0
MAGN;D;20170703;000000;33.56;33.7;33.165;33.505;8054500;0
MAGN;D;20170704;000000;33.41;33.675;33.05;33.42;6191000;0
MAGN;D;20170705;000000;33.5;35.04;33.24;35;21310800;0
MAGN;D;20170706;000000;35.05;35.35;34.515;34.97;13878800;0
MAGN;D;20170707;000000;34.85;34.9;34.35;34.65;9602200;0
MAGN;D;20170710;000000;34.72;35.2;34.445;34.75;9137000;0
MAGN;D;20170711;000000;34.76;35.69;34.76;35.35;19539600;0
MAGN;D;20170712;000000;35.55;36.575;35.145;36.01;31410000;0
MAGN;D;20170713;000000;36.12;36.315;35.15;35.5;9423800;0
MAGN;D;20170714;000000;35.6;35.915;34.13;34.35;14732300;0
MAGN;D;20170717;000000;34.545;36.28;34.46;36.03;18384800;0
MAGN;D;20170718;000000;36.1;36.56;35.27;35.545;13158300;0
MAGN;D;20170719;000000;35.48;36;35.3;35.88;6703600;0
MAGN;D;20170720;000000;35.975;36.04;35;35.1;6504600;0
MAGN;D;20170721;000000;35.165;35.205;34.27;34.47;6792700;0
MAGN;D;20170724;000000;34.55;34.61;33.615;33.91;10412200;0
MAGN;D;20170725;000000;33.91;34.4;33.77;34.18;12587800;0
MAGN;D;20170726;000000;34.24;34.68;34.055;34.33;13102700;0
MAGN;D;20170727;000000;34.31;34.62;33.72;33.92;8689300;0
MAGN;D;20170728;000000;33.855;34.18;33.35;33.63;8965800;0
MAGN;D;20170731;000000;33.87;34.07;33.53;33.8;10171000;0
MAGN;D;20170801;000000;33.83;34.595;33.755;34.35;10949900;0
MAGN;D;20170802;000000;34.515;34.765;34.245;34.455;7148400;0
MAGN;D;20170803;000000;34.495;34.655;34;34.37;10028500;0
MAGN;D;20170804;000000;34.325;35.465;34.115;35.35;7698000;0
MAGN;D;20170807;000000;35.6;36.34;35.3;36;27533400;0
MAGN;D;20170808;000000;36.035;36.985;35.81;36.76;20195600;0
MAGN;D;20170809;000000;36.76;37.25;36.58;37.06;12328500;0
MAGN;D;20170810;000000;37.115;37.43;36.005;36.115;12079500;0
MAGN;D;20170811;000000;35.74;36.24;35.105;36.145;13177700;0
MAGN;D;20170814;000000;36.17;36.725;36.15;36.56;11015800;0
MAGN;D;20170815;000000;36.57;36.72;35.87;36.14;10144200;0
MAGN;D;20170816;000000;36.22;37.03;36.22;36.77;12348900;0
MAGN;D;20170817;000000;36.85;37;36.46;36.73;6823800;0
MAGN;D;20170818;000000;36.6;36.85;36.12;36.795;11566200;0
MAGN;D;20170821;000000;36.8;37.695;36.715;37.43;8392000;0
MAGN;D;20170822;000000;37.47;37.96;37.16;37.555;7579600;0
MAGN;D;20170823;000000;37.325;37.93;37.325;37.845;6279300;0
MAGN;D;20170824;000000;37.855;38.18;37.435;37.74;6516800;0
MAGN;D;20170825;000000;37.69;38.8;37.69;38.64;17814900;0
MAGN;D;20170828;000000;38.645;38.965;38.1;38.695;11729100;0
MAGN;D;20170829;000000;38.52;39.08;38.28;38.9;12408400;0
MAGN;D;20170830;000000;39.075;39.5;38.865;39.355;10977700;0
MAGN;D;20170831;000000;39.25;41.5;39.165;40.26;36155400;0
MAGN;D;20170901;000000;40.66;40.985;39.32;39.91;24019000;0
MAGN;D;20170904;000000;39.895;39.895;38.455;38.595;19764300;0
MAGN;D;20170905;000000;38.6;39.25;37.83;38;22400600;0
MAGN;D;20170906;000000;39.1;41.04;38.86;40.89;91118600;0
MAGN;D;20170907;000000;41.09;42.5;40.48;42.3;33749100;0
MAGN;D;20170908;000000;42.5;43.4;41.75;41.98;40302300;0
MAGN;D;20170911;000000;42.12;42.99;41.835;42.95;21889300;0
MAGN;D;20170912;000000;43.1;43.225;42.385;43.01;12788300;0
MAGN;D;20170913;000000;43.125;43.75;42.23;42.75;26646600;0
MAGN;D;20170914;000000;42.23;42.695;41.545;41.9;20103700;0
MAGN;D;20170915;000000;41.99;42.3;41.35;42.09;17078500;0
MAGN;D;20170918;000000;42.265;42.8;41.97;42.07;13839600;0
MAGN;D;20170919;000000;42.005;42.175;41.435;41.5;14549500;0
MAGN;D;20170920;000000;41.47;42.595;41.445;42.55;16270800;0
MAGN;D;20170921;000000;42.31;42.885;42.065;42.7;22856100;0
MAGN;D;20170922;000000;42.6;43.035;42.03;42.85;18201100;0
MAGN;D;20170925;000000;42.85;44.125;42.825;43.8;18164300;0
MAGN;D;20170926;000000;43.85;44.5;43.245;43.3;18377300;0
MAGN;D;20170927;000000;43.085;43.885;43.085;43.445;8480900;0
MAGN;D;20170928;000000;43.475;43.8;42.9;43.07;10350000;0
MAGN;D;20170929;000000;43.17;43.51;42.96;43.285;6956800;0
MAGN;D;20171002;000000;43.29;44.08;43.29;44.035;10543300;0
MAGN;D;20171003;000000;44.125;44.7;44.1;44.4;9378500;0
MAGN;D;20171004;000000;44.35;44.585;44.1;44.48;6003200;0
MAGN;D;20171005;000000;44.48;44.78;43.82;44.425;9566600;0
MAGN;D;20171006;000000;44.5;44.605;44.125;44.605;13140400;0
MAGN;D;20171009;000000;43.98;44.5;43.875;44.17;9489300;0
MAGN;D;20171010;000000;44.4;45.18;44.265;44.625;13814900;0
MAGN;D;20171011;000000;44.65;45.295;44.65;45.03;12975500;0
MAGN;D;20171012;000000;45.1;45.225;44.705;44.95;12344000;0
MAGN;D;20171013;000000;45.095;45.49;44.855;45.48;15958000;0
MAGN;D;20171016;000000;45.48;46.49;45.465;46.475;16253500;0
MAGN;D;20171017;000000;46.51;47.03;46;46.25;20314000;0
MAGN;D;20171018;000000;46.5;46.5;45.35;45.4;18211700;0
MAGN;D;20171019;000000;45.4;45.77;43.62;44.44;25909900;0
MAGN;D;20171020;000000;44.6;45.11;44.115;44.45;15178900;0
MAGN;D;20171023;000000;44.53;44.54;43.735;44.48;11307700;0
MAGN;D;20171024;000000;44.55;45.305;44.025;44.885;13920700;0
MAGN;D;20171025;000000;44.88;45.3;44.3;44.48;9159300;0
MAGN;D;20171026;000000;44.48;45.1;43.65;45;14622700;0
MAGN;D;20171027;000000;45.12;45.3;43.94;44.52;13521900;0
MAGN;D;20171030;000000;44.5;44.58;43.845;43.85;8724200;0
MAGN;D;20171031;000000;43.85;44.38;43.715;44.15;10021500;0
MAGN;D;20171101;000000;44.005;44.44;43.855;44;9966300;0
MAGN;D;20171102;000000;44.095;44.25;42.15;43.645;18667400;0
MAGN;D;20171103;000000;43.8;44;43.085;43.6;15722100;0
MAGN;D;20171107;000000;43.935;44.865;43.305;44.255;21787300;0
MAGN;D;20171108;000000;44.3;46.8;44.3;46.175;34120700;0
MAGN;D;20171109;000000;46.2;46.39;44.71;45.1;27241300;0
MAGN;D;20171110;000000;45.1;46.5;44.82;45.87;15207200;0
MAGN;D;20171113;000000;45.87;47;45.87;46.3;22457300;0
MAGN;D;20171114;000000;47.085;47.33;46.39;46.4;57600700;0
MAGN;D;20171115;000000;46.39;46.5;43.2;44.62;44846300;0
MAGN;D;20171116;000000;45.22;45.59;44.1;45.545;18258600;0
MAGN;D;20171117;000000;45.74;46.33;45.18;45.9;16018800;0
MAGN;D;20171120;000000;45.85;46.135;45.065;45.585;14578700;0
MAGN;D;20171121;000000;45.605;46;45.525;45.95;23084700;0
MAGN;D;20171122;000000;45.95;46.2;45.26;45.8;19965600;0
MAGN;D;20171123;000000;45.8;45.92;45.5;45.77;10870800;0
MAGN;D;20171124;000000;45.895;45.985;45.52;45.985;8491600;0
MAGN;D;20171127;000000;45.825;45.85;45.08;45.18;24206900;0
MAGN;D;20171128;000000;45.2;45.725;44.735;45.725;24291900;0
MAGN;D;20171129;000000;45.725;45.885;45.15;45.19;24491400;0
MAGN;D;20171130;000000;45.205;45.62;43.93;43.93;185197700;0
MAGN;D;20171201;000000;43.8;44.835;43.51;44.23;35455700;0
MAGN;D;20171204;000000;44.23;45.05;43.25;44.4;17890100;0
MAGN;D;20171205;000000;44.395;44.575;43.795;44.13;14557800;0
MAGN;D;20171206;000000;44.13;44.95;43.93;44.95;25599400;0
MAGN;D;20171207;000000;44.95;44.95;44.035;44.39;14244300;0
MAGN;D;20171208;000000;44.45;44.49;43.72;44.145;6694800;0
MAGN;D;20171211;000000;44.2;44.43;44.05;44.3;13625800;0
MAGN;D;20171212;000000;44.39;45.3;44.075;45;30006500;0
MAGN;D;20171213;000000;44.85;45.25;44.6;44.7;17376500;0
MAGN;D;20171214;000000;44.7;45.185;44.28;44.89;9144000;0
MAGN;D;20171215;000000;44.67;45;44.1;44.1;19517800;0
MAGN;D;20171218;000000;43.415;43.55;42.25;42.57;13263300;0
MAGN;D;20171219;000000;42.565;43.445;41.77;43.35;19176100;0
MAGN;D;20171220;000000;43.35;43.525;42.755;43.165;9498900;0
MAGN;D;20171221;000000;43.29;43.53;42.855;43.1;14393800;0
MAGN;D;20171222;000000;43.21;43.465;42.08;42.185;10066100;0
MAGN;D;20171225;000000;42.21;42.78;41.875;42.2;2179000;0
MAGN;D;20171226;000000;42;42.32;41.52;41.665;3465300;0
MAGN;D;20171227;000000;41.75;42.195;40.525;41.97;9241500;0
MAGN;D;20171228;000000;42.195;42.5;41.715;42.5;11807100;0
MAGN;D;20171229;000000;42.525;42.62;41.86;41.86;7627200;0
MAGN;D;20180103;000000;41.93;42.905;41.805;42.6;7190800;0
MAGN;D;20180104;000000;42.695;43;42.4;42.95;8883400;0
MAGN;D;20180105;000000;43.05;43.485;42.675;43.485;9800500;0
MAGN;D;20180109;000000;43.5;44;43.375;44;19067700;0
MAGN;D;20180110;000000;43.99;44.605;43.27;44.605;10780200;0
MAGN;D;20180111;000000;44.6;45.25;44.49;45.25;12599500;0
MAGN;D;20180112;000000;45.19;45.35;44.59;45.35;8133400;0
MAGN;D;20180115;000000;45.375;45.9;45.05;45.74;7707500;0
MAGN;D;20180116;000000;45.84;46;44.44;44.665;10436600;0
MAGN;D;20180117;000000;44.6;44.845;43.62;44.82;9858900;0
MAGN;D;20180118;000000;44.835;45.2;43.9;44;11692500;0
MAGN;D;20180119;000000;44.1;45.095;44.1;44.88;10175900;0
MAGN;D;20180122;000000;44.88;46;44.6;45.3;14860500;0
MAGN;D;20180123;000000;45.4;45.58;44.405;44.9;6019300;0
MAGN;D;20180124;000000;44.725;44.875;43.84;43.9;6304000;0
MAGN;D;20180125;000000;43.9;44.99;43.8;44.99;10366400;0
MAGN;D;20180126;000000;44.995;45;43.825;44.205;7658600;0
MAGN;D;20180129;000000;44.205;45.445;44.05;45.445;12592600;0
MAGN;D;20180130;000000;45.15;45.78;44.82;45.375;7331500;0
MAGN;D;20180131;000000;45.265;45.8;45.125;45.61;11226600;0
MAGN;D;20180201;000000;45.62;45.85;45.18;45.85;6561200;0
MAGN;D;20180202;000000;45.85;45.98;44.645;44.875;9931000;0
MAGN;D;20180205;000000;45;45.435;44.1;45.185;8665500;0
MAGN;D;20180206;000000;44.24;44.9;43.24;44.21;17409900;0
MAGN;D;20180207;000000;44.41;45.795;44.41;45.795;13399000;0
MAGN;D;20180208;000000;45.555;45.88;45.08;45.625;7125200;0
MAGN;D;20180209;000000;44.855;45.21;43.67;43.72;11447500;0
MAGN;D;20180212;000000;44.26;44.46;43.915;44.05;6535600;0
MAGN;D;20180213;000000;44.3;45.5;44.045;45.27;8682700;0
MAGN;D;20180214;000000;45.28;46;45.01;46;10249900;0
MAGN;D;20180215;000000;46.295;46.58;45.515;45.85;6983000;0
MAGN;D;20180216;000000;45.95;46.125;44.77;45.635;12474300;0
MAGN;D;20180219;000000;45.705;45.95;44.775;45.6;3322100;0
MAGN;D;20180220;000000;45.585;45.78;45.315;45.715;3767800;0
MAGN;D;20180221;000000;45.595;46.695;44.99;46.37;16206600;0
MAGN;D;20180222;000000;46.295;46.965;45.915;46.55;14626400;0
MAGN;D;20180226;000000;46.5;47.84;46.31;47.5;12222700;0
MAGN;D;20180227;000000;47.545;48.1;47.215;48.1;8287600;0
MAGN;D;20180228;000000;47.885;48.3;46.91;47.68;15206000;0
MAGN;D;20180301;000000;47.45;47.45;46.35;46.685;5711300;0
MAGN;D;20180302;000000;46.195;46.55;45.16;45.205;7704700;0
MAGN;D;20180305;000000;45.385;46.575;45.255;46.29;8410000;0
MAGN;D;20180306;000000;46.44;47.945;46.42;46.77;19577700;0
MAGN;D;20180307;000000;46.8;47.275;46.31;46.45;11079100;0
MAGN;D;20180309;000000;46.84;46.84;45.535;46.755;7760900;0
MAGN;D;20180312;000000;46.77;46.98;45.905;46.69;6451900;0
MAGN;D;20180313;000000;46.56;46.605;46.01;46.15;7608800;0
MAGN;D;20180314;000000;46.1;46.5;44.6;44.66;17294800;0
MAGN;D;20180315;000000;44.77;45.43;44.69;45.08;7513500;0
MAGN;D;20180316;000000;45;45.25;44.375;45.025;11319400;0
MAGN;D;20180319;000000;45;45.22;44.215;44.215;6217900;0
MAGN;D;20180320;000000;44.295;44.645;44.005;44.23;10339900;0
MAGN;D;20180321;000000;44.36;46.2;44.175;46.195;11420800;0
MAGN;D;20180322;000000;46.155;46.18;45.455;46.15;7365800;0
MAGN;D;20180323;000000;45.545;45.695;44.605;44.87;11948500;0
MAGN;D;20180326;000000;44.835;45.14;44.275;44.42;9887300;0
MAGN;D;20180327;000000;44.9;44.9;44.06;44.06;7648300;0
MAGN;D;20180328;000000;44.07;44.375;43.6;44.045;7223300;0
MAGN;D;20180329;000000;44.045;44.55;43.9;44.2;7081800;0
MAGN;D;20180330;000000;44.33;44.53;43.975;44.135;1980900;0
MAGN;D;20180402;000000;44.03;44.985;44.03;44.455;6150100;0
MAGN;D;20180403;000000;44.595;44.61;43.77;44.265;8580100;0
MAGN;D;20180404;000000;44.17;44.57;43.89;44.225;9796400;0
MAGN;D;20180405;000000;44.305;44.9;44.21;44.9;3478000;0
MAGN;D;20180406;000000;44.69;45.8;44.605;45.5;5755100;0
MAGN;D;20180409;000000;45.34;45.4;40.06;42.925;14295400;0
MAGN;D;20180410;000000;42.605;44.57;42.295;44.41;10792400;0
MAGN;D;20180411;000000;44.3;45.04;43.275;44;9359900;0
MAGN;D;20180412;000000;44.495;44.985;42.84;44.85;10479000;0
MAGN;D;20180413;000000;44.825;45.1;44.205;44.24;6935400;0
MAGN;D;20180416;000000;44.14;44.63;43.14;43.25;7744300;0
MAGN;D;20180417;000000;43.865;44.95;43.57;44.725;7497900;0
MAGN;D;20180418;000000;44.87;46.75;44.705;46.5;9128800;0
MAGN;D;20180419;000000;46.495;46.815;45.54;46.43;6610400;0
MAGN;D;20180420;000000;46.04;46.95;46.04;46.85;5052700;0
MAGN;D;20180423;000000;46.77;47.37;46.495;46.88;7471700;0
MAGN;D;20180424;000000;47;47;45.52;46.21;11191900;0
MAGN;D;20180425;000000;46.35;46.35;45.595;45.965;4857800;0
MAGN;D;20180426;000000;45.91;46.59;45.68;46.42;7674200;0
MAGN;D;20180427;000000;46.48;50.505;45.615;47.46;14948900;0
MAGN;D;20180428;000000;47.395;47.74;46.28;47.08;1174100;0
MAGN;D;20180430;000000;47.17;48.895;47.1;48.68;6999000;0
MAGN;D;20180502;000000;48.465;48.54;46.81;47.02;12123900;0
MAGN;D;20180503;000000;46.98;46.98;45.505;45.505;9952500;0
MAGN;D;20180504;000000;45.89;45.96;45.165;45.33;6284200;0
MAGN;D;20180507;000000;45.49;46.56;45.49;46.56;4784000;0
MAGN;D;20180508;000000;46.32;46.32;45.53;46.07;10747000;0
MAGN;D;20180510;000000;46.2;46.43;45.545;45.69;7778500;0
MAGN;D;20180511;000000;45.86;46.075;45.55;45.55;4543100;0
MAGN;D;20180514;000000;45.66;46.195;45.13;46;5291000;0
MAGN;D;20180515;000000;46;46.19;44.515;44.8;11287400;0
MAGN;D;20180516;000000;44.855;45.005;44.01;44.195;14541400;0
MAGN;D;20180517;000000;44.23;44.925;44.015;44.6;7674700;0
MAGN;D;20180518;000000;44.6;45.185;44.415;44.77;5862600;0
MAGN;D;20180521;000000;44.785;45.935;44.785;45.755;8527400;0
MAGN;D;20180522;000000;45.655;46.195;45.17;45.76;6065900;0
MAGN;D;20180523;000000;45.85;46.115;45.21;45.5;7771800;0
MAGN;D;20180524;000000;45.665;46.6;45.665;46.4;10635500;0
MAGN;D;20180525;000000;46.435;47.89;46.265;47.41;17073000;0
MAGN;D;20180528;000000;47.4;47.72;47.055;47.52;4809900;0
MAGN;D;20180529;000000;47.635;47.74;46.69;47.445;6506100;0
MAGN;D;20180530;000000;47.225;47.9;47.15;47.38;9407800;0
MAGN;D;20180531;000000;47.745;49.09;47.54;49.09;19601400;0
MAGN;D;20180601;000000;48.72;49.05;47.8;47.81;8600300;0
MAGN;D;20180604;000000;47.99;48.275;47.755;48.06;4004100;0
MAGN;D;20180605;000000;48.43;48.43;47.8;48.3;3579600;0
MAGN;D;20180606;000000;48.54;49.345;48.35;48.86;9670300;0
MAGN;D;20180607;000000;48.995;49.79;48.905;49.195;8052900;0
MAGN;D;20180608;000000;49;49.34;48.31;48.395;8369700;0
MAGN;D;20180609;000000;48.415;48.97;48.415;48.845;819900;0
MAGN;D;20180611;000000;48.295;48.95;48.03;48.6;5242200;0
MAGN;D;20180613;000000;48.375;49.55;48.23;48.23;8638900;0
MAGN;D;20180614;000000;48.4;48.47;47.545;47.745;5547900;0
MAGN;D;20180615;000000;47.945;48.63;47.25;48.235;8990700;0
MAGN;D;20180618;000000;48.135;48.395;46.44;46.475;5727500;0
MAGN;D;20180619;000000;46.275;46.335;43.9;44.855;12806600;0
MAGN;D;20180620;000000;44.95;46.245;44.95;45.42;13048900;0
MAGN;D;20180621;000000;45.6;45.625;45.04;45.295;8262100;0
MAGN;D;20180622;000000;45.005;45.38;44.57;44.705;5863100;0
MAGN;D;20180625;000000;44.405;44.84;43.945;43.945;4899900;0
MAGN;D;20180626;000000;44.015;44.445;43.315;44.345;9769800;0
MAGN;D;20180627;000000;44.31;44.745;43.58;43.68;8359100;0
MAGN;D;20180628;000000;43.6;43.6;42.03;42.23;12426700;0
MAGN;D;20180629;000000;42.6;43.01;42.185;42.55;10482500;0
MAGN;D;20180702;000000;42.535;43.18;42.385;42.6;10037800;0
MAGN;D;20180703;000000;42.83;42.89;42.47;42.79;6791000;0
MAGN;D;20180704;000000;42.57;43.315;42.515;43.15;6075000;0
MAGN;D;20180705;000000;43.15;44.535;42.96;44.535;8529600;0
MAGN;D;20180706;000000;44.4;44.465;43.705;44.445;7052600;0
MAGN;D;20180709;000000;44.69;45.12;44.655;45.115;6016900;0
MAGN;D;20180710;000000;45.33;45.845;44.53;44.53;8115200;0
MAGN;D;20180711;000000;44.445;44.82;43.825;44.05;7687000;0
MAGN;D;20180712;000000;44.2;44.685;44.015;44.34;5319800;0
MAGN;D;20180713;000000;44.7;45.05;44.4;44.63;6177500;0
MAGN;D;20180716;000000;44.49;44.935;44.155;44.75;3286600;0
MAGN;D;20180717;000000;44.745;44.825;44.175;44.62;4452400;0
MAGN;D;20180718;000000;44.545;45;44.335;44.9;7760900;0
MAGN;D;20180719;000000;45.2;45.3;43.1;43.225;10109400;0
MAGN;D;20180720;000000;43.19;43.48;42.635;42.915;7291000;0
MAGN;D;20180723;000000;42.9;43.36;42.805;43.185;5993100;0
MAGN;D;20180724;000000;43;44.88;43;44.57;11694300;0
MAGN;D;20180725;000000;44.395;44.935;43.76;44.7;11904900;0
MAGN;D;20180726;000000;44.7;45.535;44.565;45.53;6462700;0
MAGN;D;20180727;000000;45.56;46.395;45.1;46.3;5031800;0
MAGN;D;20180730;000000;46.3;46.59;45.955;46.4;4734800;0
MAGN;D;20180731;000000;46.22;46.28;45.36;46.26;8577900;0
MAGN;D;20180801;000000;46.005;46.37;45.635;45.65;4730500;0
MAGN;D;20180802;000000;46.14;46.33;45.8;45.9;9285000;0
MAGN;D;20180803;000000;45.9;47.38;45.255;47.015;12090200;0
MAGN;D;20180806;000000;47.065;47.97;46.755;47.9;5860600;0
MAGN;D;20180807;000000;47.95;48;47.11;47.935;5279700;0
MAGN;D;20180808;000000;47.93;47.93;46.12;47.62;14676900;0
MAGN;D;20180809;000000;47.44;47.63;46.685;47.6;7236100;0
MAGN;D;20180810;000000;46.68;46.765;44.6;45.14;14050100;0
MAGN;D;20180813;000000;45.235;46.125;44.7;46.045;10257900;0
MAGN;D;20180814;000000;46.19;46.7;45.76;46.7;8547400;0
MAGN;D;20180815;000000;47;47;45.55;46.44;8689400;0
MAGN;D;20180816;000000;46.45;46.5;45.25;45.5;7879700;0
MAGN;D;20180817;000000;45.84;46.285;45.285;45.855;5888600;0
MAGN;D;20180820;000000;46.21;47.395;46.08;47.215;4690800;0
MAGN;D;20180821;000000;47.105;47.545;46.505;46.56;6298700;0
MAGN;D;20180822;000000;46.7;47.11;46.455;46.8;5718500;0
MAGN;D;20180823;000000;47;47.35;45.9;45.98;8694000;0
MAGN;D;20180824;000000;46;47.805;45.9;47.75;8812800;0
MAGN;D;20180827;000000;47.71;47.795;47.055;47.655;7896200;0
MAGN;D;20180828;000000;47.64;48.68;47.42;48.21;5775500;0
MAGN;D;20180829;000000;48.105;49.25;47.8;49;8290500;0
MAGN;D;20180830;000000;49.275;49.6;48.215;48.675;7678800;0
MAGN;D;20180831;000000;48.5;49.1;48.05;48.445;7090900;0
MAGN;D;20180903;000000;48.705;49.08;48.38;48.745;3016700;0
MAGN;D;20180904;000000;48.805;49.2;48.1;48.59;4312800;0
MAGN;D;20180905;000000;48.65;48.825;48.21;48.25;4295700;0
MAGN;D;20180906;000000;48.23;48.835;48.18;48.835;4801900;0
MAGN;D;20180907;000000;48.84;49.355;48.57;49.03;6711100;0
MAGN;D;20180910;000000;48.995;49.5;48.6;49.15;6940800;0
MAGN;D;20180911;000000;48.79;49.475;48.54;49.225;11786600;0
MAGN;D;20180912;000000;49.225;49.775;49;49.775;5831000;0
MAGN;D;20180913;000000;49.79;49.87;49.26;49.835;4496800;0
MAGN;D;20180914;000000;49.87;49.94;49.03;49.03;7316100;0
MAGN;D;20180917;000000;49.4;49.525;48.905;49.2;4480200;0
MAGN;D;20180918;000000;49.35;49.94;49.2;49.6;6287900;0
MAGN;D;20180919;000000;49.84;50;49.355;50;10245300;0
MAGN;D;20180920;000000;50.15;51.89;49.97;51.43;15382900;0
MAGN;D;20180921;000000;51.9;52.94;51.51;51.975;13375700;0
MAGN;D;20180924;000000;52.115;52.875;50.705;51.35;7405600;0
MAGN;D;20180925;000000;51.42;51.49;50.78;51.38;5142700;0
MAGN;D;20180926;000000;51.385;51.385;50.36;50.485;5897400;0
MAGN;D;20180927;000000;50.5;51.695;50.405;51.695;5774000;0
MAGN;D;20180928;000000;51.55;52.185;50.63;52.185;5516800;0
MAGN;D;20181001;000000;52.03;52.36;51.115;51.115;3075000;0
MAGN;D;20181002;000000;51.645;51.66;50.875;51.2;5918300;0
MAGN;D;20181003;000000;51.2;53.75;51.2;53.485;11262600;0
MAGN;D;20181004;000000;53.75;53.835;52.235;52.5;6244600;0
MAGN;D;20181005;000000;52.5;52.585;51.8;51.8;6962600;0
MAGN;D;20181008;000000;50.75;50.995;50.19;50.73;6191400;0
MAGN;D;20181009;000000;50.795;50.965;49.525;49.7;4695200;0
MAGN;D;20181010;000000;49.7;50.045;47.925;47.965;11969400;0
MAGN;D;20181011;000000;47.005;48.35;46.52;48.16;12174100;0
MAGN;D;20181012;000000;48.25;49.065;48.06;49.065;6970800;0
MAGN;D;20181015;000000;49.205;49.205;47.755;47.935;4754500;0
MAGN;D;20181016;000000;48.39;48.53;47.415;48.32;6163700;0
MAGN;D;20181017;000000;48.495;48.955;48.215;48.215;4530500;0
MAGN;D;20181018;000000;48.19;48.41;47.3;48;6975000;0
MAGN;D;20181019;000000;48;48.465;47.775;47.955;9246100;0
MAGN;D;20181022;000000;47.945;48.235;46.53;46.6;12006300;0
MAGN;D;20181023;000000;46.425;46.685;45.305;46.305;8105700;0
MAGN;D;20181024;000000;46.5;48.255;46.5;46.805;9892800;0
MAGN;D;20181025;000000;46.12;46.865;45.815;46.82;8225300;0
MAGN;D;20181026;000000;46.31;46.87;45.91;46.87;8380300;0
MAGN;D;20181029;000000;46.545;47.2;46.415;46.585;3268600;0
MAGN;D;20181030;000000;46.525;47.435;46.33;47.085;5147500;0
MAGN;D;20181031;000000;47.305;48.155;47.2;47.945;5156100;0
MAGN;D;20181101;000000;47.65;48.125;46.92;47.43;6274300;0
MAGN;D;20181102;000000;47.905;48.38;47.345;47.5;9136000;0
MAGN;D;20181106;000000;47.61;47.985;46.55;46.75;15261100;0
MAGN;D;20181107;000000;46.75;46.915;45.7;46.895;19407400;0
MAGN;D;20181108;000000;47.45;47.45;46.565;46.95;11593900;0
MAGN;D;20181109;000000;47.5;47.97;46.91;47.81;13398800;0
MAGN;D;20181112;000000;47.82;48.135;47.565;47.6;4595900;0
MAGN;D;20181113;000000;47.52;47.97;47.35;47.415;6029600;0
MAGN;D;20181114;000000;47.51;47.885;46.85;46.9;6832400;0
MAGN;D;20181115;000000;47.04;47.77;47;47.105;5428900;0
MAGN;D;20181116;000000;47.475;47.64;47.1;47.205;3560600;0
MAGN;D;20181119;000000;47.205;47.85;46.3;46.54;6731000;0
MAGN;D;20181120;000000;46.575;46.575;44.905;45.3;10878000;0
MAGN;D;20181121;000000;45.255;45.63;44.81;44.915;11920900;0
MAGN;D;20181122;000000;45.19;46.5;44.955;46.4;11124800;0
MAGN;D;20181123;000000;46.38;46.38;45.63;46.1;6370600;0
MAGN;D;20181126;000000;46.1;46.285;45.25;45.78;8485800;0
MAGN;D;20181127;000000;45.505;46.55;45.505;46.5;6817700;0
MAGN;D;20181128;000000;46.8;47.2;45.71;45.88;14146800;0
MAGN;D;20181129;000000;45.775;46.675;45.73;46;12119100;0
MAGN;D;20181130;000000;46.4;46.805;45.55;46.805;17305200;0
MAGN;D;20181203;000000;46.8;47.96;41.91;46.1;26053300;0
MAGN;D;20181204;000000;46.21;46.475;46;46.335;6437400;0
MAGN;D;20181205;000000;46.1;46.345;45.4;45.575;12265000;0
MAGN;D;20181206;000000;45.405;46.175;45.2;46;9730900;0
MAGN;D;20181207;000000;46.05;47.23;46;47;13048400;0
MAGN;D;20181210;000000;46.815;47.8;46.45;47.23;10095200;0
MAGN;D;20181211;000000;47.5;47.6;46.35;46.35;11383500;0
MAGN;D;20181212;000000;46.555;46.665;46.105;46.6;9611900;0
MAGN;D;20181213;000000;46.605;47.4;46.35;46.89;10827000;0
MAGN;D;20181214;000000;46.7;46.99;46.21;46.725;10079800;0
MAGN;D;20181217;000000;44.98;44.98;44.26;44.555;8326500;0
MAGN;D;20181218;000000;44.39;44.39;42.65;42.75;24517400;0
MAGN;D;20181219;000000;42.995;43.365;42.455;43.185;11127000;0
MAGN;D;20181220;000000;43.145;43.52;42.75;43.5;7081900;0
MAGN;D;20181221;000000;43.32;43.455;42.61;42.95;8080000;0
MAGN;D;20181224;000000;42.755;42.915;41.915;42.11;5195900;0
MAGN;D;20181225;000000;41.45;41.68;40.31;41.495;4650800;0
MAGN;D;20181226;000000;41.5;42.215;40.7;41.38;3096500;0
MAGN;D;20181227;000000;42.04;42.12;41.51;41.995;3917600;0
MAGN;D;20181228;000000;42.15;43.485;42.05;42.83;6349300;0
MAGN;D;20181229;000000;43.035;43.25;42.6;43.04;1220000;0
MAGN;D;20190103;000000;43.17;43.305;42.555;42.98;3585400;0
MAGN;D;20190104;000000;42.98;43.625;42.795;43.365;5644700;0
MAGN;D;20190108;000000;43.43;43.695;42.58;43.155;7332000;0
MAGN;D;20190109;000000;43.225;44.8;43.02;44.8;12203900;0
MAGN;D;20190110;000000;44.545;44.95;44.175;44.95;9151600;0
MAGN;D;20190111;000000;44.95;45.76;44.775;45.6;7143900;0
MAGN;D;20190114;000000;45.52;45.52;44.445;44.97;6482800;0
MAGN;D;20190115;000000;45.005;45.155;43.665;43.68;13194100;0
MAGN;D;20190116;000000;43.92;44.23;42.96;43.72;11813100;0
MAGN;D;20190117;000000;43.86;43.96;43.015;43.6;8842800;0
MAGN;D;20190118;000000;43.75;44.41;43.375;44.38;8620500;0
MAGN;D;20190121;000000;44.38;44.85;44.075;44.67;3503900;0
MAGN;D;20190122;000000;44.58;44.83;43.635;43.98;9233200;0
MAGN;D;20190123;000000;44.02;44.64;43.75;44.5;6502100;0
MAGN;D;20190124;000000;44.21;44.575;43.605;44.575;9281600;0
MAGN;D;20190125;000000;44.555;44.995;44.075;44.995;8662200;0
MAGN;D;20190128;000000;44.75;45.33;44.46;45.1;6874200;0
MAGN;D;20190129;000000;45;45.14;44.435;44.67;7444600;0
MAGN;D;20190130;000000;44.4;44.62;43.11;43.745;16536900;0
MAGN;D;20190131;000000;43.98;44.2;43.3;43.3;10056500;0
MAGN;D;20190201;000000;43.415;44.34;43.2;43.73;6649100;0
MAGN;D;20190204;000000;43.9;44.25;43.74;43.845;4925600;0
MAGN;D;20190205;000000;43.98;44.445;43.86;44.095;6412100;0
MAGN;D;20190206;000000;44.175;44.6;44.12;44.6;9345400;0
MAGN;D;20190207;000000;44.68;44.73;43.73;43.95;7927800;0
MAGN;D;20190208;000000;43.795;43.98;43.2;43.31;7161400;0
MAGN;D;20190211;000000;43.11;43.57;43.1;43.25;8154300;0
MAGN;D;20190212;000000;43.3;44.2;43.265;43.385;10327600;0
MAGN;D;20190213;000000;43.47;43.53;42.255;42.42;14587000;0
MAGN;D;20190214;000000;41.865;43.295;41.86;43.03;15534100;0
MAGN;D;20190215;000000;43.08;43.5;42.745;43.185;7072800;0
MAGN;D;20190218;000000;43.2;43.385;42.805;42.935;3351200;0
MAGN;D;20190219;000000;42.955;43.1;42.705;42.905;3828500;0
MAGN;D;20190220;000000;42.885;43.43;42.855;43;8942900;0
MAGN;D;20190221;000000;43.23;43.265;42.66;43;5790600;0
MAGN;D;20190222;000000;43;43.9;42.835;43.8;8879900;0
MAGN;D;20190225;000000;43.8;44.8;43.725;44.695;11339000;0
MAGN;D;20190226;000000;44.3;44.995;44.25;44.995;7043400;0
MAGN;D;20190227;000000;44.81;45.15;44.3;44.4;11870700;0
MAGN;D;20190228;000000;44.29;44.945;44.105;44.5;14529100;0
MAGN;D;20190301;000000;44.6;44.67;43.8;44.09;10530100;0
MAGN;D;20190304;000000;44.09;44.3;43.8;43.965;2087500;0
MAGN;D;20190305;000000;43.96;44;43.5;43.5;4219000;0
MAGN;D;20190306;000000;43.5;43.92;43.5;43.75;4873200;0
MAGN;D;20190307;000000;43.65;43.86;43.455;43.5;2522200;0
MAGN;D;20190311;000000;43.3;44.415;43.105;44.21;9714900;0
MAGN;D;20190312;000000;44.45;44.65;44.05;44.65;5443000;0
MAGN;D;20190313;000000;44.65;45;44.2;44.965;7533700;0
MAGN;D;20190314;000000;44.975;45.19;44.71;45.19;9015300;0
MAGN;D;20190315;000000;45.2;45.395;44.805;45.3;31811100;0
MAGN;D;20190318;000000;45.33;46.39;45.05;46.33;9841300;0
MAGN;D;20190319;000000;46.15;46.46;45.4;45.565;7657500;0
MAGN;D;20190320;000000;45.56;45.56;44.85;45.055;6752700;0
MAGN;D;20190321;000000;45.2;45.45;44.855;45.255;7828100;0
MAGN;D;20190322;000000;45.2;45.285;44.55;44.74;4690400;0
MAGN;D;20190325;000000;44.5;45.49;44.2;45.15;5393500;0
MAGN;D;20190326;000000;45.14;45.645;44.815;45.2;4968200;0
MAGN;D;20190327;000000;45.34;45.46;44.62;44.62;5637900;0
MAGN;D;20190328;000000;44.79;45.125;44.645;45.125;3692700;0
MAGN;D;20190329;000000;45.125;45.9;44.92;45.9;5698800;0
MAGN;D;20190401;000000;45.72;46.19;45.345;45.965;6027800;0
MAGN;D;20190402;000000;45.765;45.94;45.2;45.365;4583100;0
MAGN;D;20190403;000000;45.54;45.8;45.355;45.41;3909400;0
MAGN;D;20190404;000000;45.4;45.75;45.005;45.25;3865100;0
MAGN;D;20190405;000000;45.06;45.335;44.75;44.84;3585300;0
MAGN;D;20190408;000000;45;45.135;44.62;45.085;3864000;0
MAGN;D;20190409;000000;45.18;45.27;44.73;45.065;3954600;0
MAGN;D;20190410;000000;44.95;45.07;44.42;44.42;5170600;0
MAGN;D;20190411;000000;44.42;44.665;43.71;44.09;4396200;0
MAGN;D;20190412;000000;44.045;44.46;43.91;44.46;7834100;0
MAGN;D;20190415;000000;44.455;44.68;44;44;4263800;0
MAGN;D;20190416;000000;44.03;44.325;43.91;43.97;3605900;0
MAGN;D;20190417;000000;44.295;44.3;43.905;44.2;4493500;0
MAGN;D;20190418;000000;44.185;44.22;44;44.22;1888700;0
MAGN;D;20190419;000000;44.23;44.375;44.135;44.22;731500;0
MAGN;D;20190422;000000;44.27;44.41;44.15;44.2;984000;0
MAGN;D;20190423;000000;44.22;44.32;43.96;44.085;1933200;0
MAGN;D;20190424;000000;44.085;44.085;43.745;44.04;3741500;0
MAGN;D;20190425;000000;44.005;44.19;43.845;44.04;2840800;0
MAGN;D;20190426;000000;43.995;44.5;43.855;44.5;3304200;0
MAGN;D;20190429;000000;44.425;44.47;44.02;44.16;1636300;0
MAGN;D;20190430;000000;44.1;44.2;43.805;44.2;8329300;0
MAGN;D;20190502;000000;44.1;45.11;44.07;44.865;6134400;0
MAGN;D;20190503;000000;44.88;45.485;44.815;45.25;5094200;0
MAGN;D;20190506;000000;44.88;45.695;44.77;45.695;3586100;0
MAGN;D;20190507;000000;45.645;45.99;45.33;45.925;6198400;0
MAGN;D;20190508;000000;45.9;45.9;44.63;44.63;6412000;0
MAGN;D;20190510;000000;44.795;45;43.165;43.165;15842900;0
MAGN;D;20190513;000000;43.3;43.87;43.3;43.35;5350800;0
MAGN;D;20190514;000000;43.5;43.92;43.115;43.21;6256200;0
MAGN;D;20190515;000000;43.2;43.52;43.005;43.12;5518800;0
MAGN;D;20190516;000000;43.3;43.95;43.16;43.415;4352900;0
MAGN;D;20190517;000000;43.425;43.66;42.75;42.925;4667700;0
MAGN;D;20190520;000000;43.005;44.39;42.955;44.14;7016900;0
MAGN;D;20190521;000000;44.2;44.85;43.855;44.25;5689400;0
MAGN;D;20190522;000000;44.5;45.335;44.205;44.99;7304400;0
MAGN;D;20190523;000000;44.9;45.1;44.085;44.2;5058700;0
MAGN;D;20190524;000000;44.4;44.435;43.795;43.9;9237100;0
MAGN;D;20190527;000000;44;44.375;43.94;44.215;3521000;0
MAGN;D;20190528;000000;44.35;44.95;44.055;44.83;14427900;0
MAGN;D;20190529;000000;44.615;44.94;44.42;44.835;6335400;0
MAGN;D;20190530;000000;44.8;45.11;44.415;44.675;7474100;0
MAGN;D;20190531;000000;44.6;44.665;44.24;44.655;7201200;0
MAGN;D;20190603;000000;44.545;44.845;44.39;44.845;5241400;0
MAGN;D;20190604;000000;44.97;44.97;44.52;44.62;12449300;0
MAGN;D;20190605;000000;44.65;44.77;44.42;44.65;5833300;0
MAGN;D;20190606;000000;44.72;45.25;44.535;45.25;9028000;0
MAGN;D;20190607;000000;45.18;45.6;45.1;45.6;8859600;0
MAGN;D;20190610;000000;44.39;45.44;44.25;45.435;8781500;0
MAGN;D;20190611;000000;45.3;46.05;45.15;46.05;11370600;0
MAGN;D;20190613;000000;45.75;46.6;45.75;46.6;12461600;0
MAGN;D;20190614;000000;46.51;46.775;46.33;46.645;10482500;0
MAGN;D;20190617;000000;46.725;47;45.81;45.81;12056100;0
MAGN;D;20190618;000000;45.9;47.015;45.7;47;11080400;0
MAGN;D;20190619;000000;45.62;46.445;45.41;46.4;12422800;0
MAGN;D;20190620;000000;46.5;46.55;44.79;45.08;11871900;0
MAGN;D;20190621;000000;45.1;45.135;44.435;44.68;7203400;0
MAGN;D;20190624;000000;44.875;45.57;44.545;45.365;6019600;0
MAGN;D;20190625;000000;45.26;45.75;44.995;45.74;6007100;0
MAGN;D;20190626;000000;45.75;46.13;45.56;45.575;7855000;0
MAGN;D;20190627;000000;45.675;45.965;45.095;45.18;4510800;0
MAGN;D;20190628;000000;45.1;45.415;44.67;44.985;6299200;0
MAGN;D;20190701;000000;45.495;45.56;45.1;45.105;4217500;0
MAGN;D;20190702;000000;45.41;45.41;44.945;45.155;4776800;0
MAGN;D;20190703;000000;44.99;45.1;44.855;45.06;3294300;0
MAGN;D;20190704;000000;45.05;45.125;43.79;44.075;19888000;0
MAGN;D;20190705;000000;44.325;44.79;44.2;44.625;15945400;0
MAGN;D;20190708;000000;44.5;44.76;44.215;44.76;7529400;0
MAGN;D;20190709;000000;44.745;44.745;44.3;44.5;5903200;0
MAGN;D;20190710;000000;44.7;45.15;44.42;44.67;8349200;0
MAGN;D;20190711;000000;44.74;44.995;44.335;44.63;5076900;0
MAGN;D;20190712;000000;44.43;44.74;44.3;44.42;2858800;0
MAGN;D;20190715;000000;44.64;44.695;44.11;44.17;5492200;0
MAGN;D;20190716;000000;44.22;44.48;43.775;43.775;8250000;0
MAGN;D;20190717;000000;43.77;44.3;43.645;44.11;6011900;0
MAGN;D;20190718;000000;44.11;44.345;43.715;44.055;4759600;0
MAGN;D;20190719;000000;44.2;44.585;44.05;44.485;6298100;0
MAGN;D;20190722;000000;44.5;44.945;44.17;44.76;3590100;0
MAGN;D;20190723;000000;45;45;44.3;44.58;3598600;0
MAGN;D;20190724;000000;44.61;44.635;43.915;44.145;3655100;0
MAGN;D;20190725;000000;44.14;44.28;43.88;44;5221700;0
MAGN;D;20190726;000000;43.91;44;43.51;43.51;7299900;0
MAGN;D;20190729;000000;43.515;43.8;43.195;43.35;6816900;0
MAGN;D;20190730;000000;43.515;43.515;43.05;43.125;5242100;0
MAGN;D;20190731;000000;43.125;43.14;42.72;42.88;10921200;0
MAGN;D;20190801;000000;42.715;42.92;41.9;42.3;15365800;0
MAGN;D;20190802;000000;41.855;42.47;40.34;40.34;24751900;0
MAGN;D;20190805;000000;40.34;40.635;39.315;40.055;16812000;0
MAGN;D;20190806;000000;40.205;41.075;39.61;40.445;18685900;0
MAGN;D;20190807;000000;40.7;40.795;39.76;39.8;9364200;0
MAGN;D;20190808;000000;39.92;40.665;39.92;40.205;7271500;0
MAGN;D;20190809;000000;40.445;40.52;39.78;40.33;10938900;0
MAGN;D;20190812;000000;40.5;40.675;39.96;40.09;4761600;0
MAGN;D;20190813;000000;40;40.055;38.63;39;16627200;0
MAGN;D;20190814;000000;38.945;39.725;38.3;39.485;20016200;0
MAGN;D;20190815;000000;39.435;39.55;38.14;38.22;9821900;0
MAGN;D;20190816;000000;38.37;38.68;37.92;38.375;8708400;0
MAGN;D;20190819;000000;38.7;38.85;38.125;38.31;7457100;0
MAGN;D;20190820;000000;38.245;38.52;37.64;38.12;12717500;0
MAGN;D;20190821;000000;38.345;38.8;38.005;38.435;8752400;0
MAGN;D;20190822;000000;38.435;39.055;38.31;38.77;7605100;0
MAGN;D;20190823;000000;38.97;39;38.395;38.9;6207500;0
MAGN;D;20190826;000000;38.6;39.325;38.515;38.95;6365400;0
MAGN;D;20190827;000000;38.96;39.75;38.96;39.675;13581000;0
MAGN;D;20190828;000000;39.675;40.35;39.385;40.3;9351900;0
MAGN;D;20190829;000000;40.495;41.2;40.36;40.735;11269400;0
MAGN;D;20190830;000000;40.8;41.84;40.8;41.84;13689500;0
MAGN;D;20190902;000000;41.9;42.03;41.105;41.19;6685100;0
MAGN;D;20190903;000000;41.335;41.475;40.505;40.8;5722900;0
MAGN;D;20190904;000000;41;41.635;40.43;41.07;13650100;0
MAGN;D;20190905;000000;41.215;41.6;41.01;41.48;6869800;0
MAGN;D;20190906;000000;41.4;41.58;41.07;41.42;8471900;0
MAGN;D;20190909;000000;41.3;41.585;40.655;41.08;8317900;0
MAGN;D;20190910;000000;41.14;41.45;40.905;41.45;8252400;0
MAGN;D;20190911;000000;41.35;42;41.165;41.9;12503100;0
MAGN;D;20190912;000000;41.605;42.2;41.285;41.47;12092000;0
MAGN;D;20190913;000000;41.315;41.515;40.91;41.315;7754100;0
MAGN;D;20190916;000000;41.39;41.56;40.95;41.56;7860200;0
MAGN;D;20190917;000000;41.4;41.53;41.145;41.35;5434400;0
MAGN;D;20190918;000000;41.56;41.56;41.1;41.14;6545700;0
MAGN;D;20190919;000000;41.105;41.4;41.08;41.385;8357000;0
MAGN;D;20190920;000000;41.1;41.27;40.545;40.56;8986800;0
MAGN;D;20190923;000000;40.8;40.8;40.2;40.4;5956600;0
MAGN;D;20190924;000000;40.33;40.62;39.73;39.745;6710500;0
MAGN;D;20190925;000000;39.75;39.8;38.765;39.33;10951700;0
MAGN;D;20190926;000000;39.4;39.95;39.185;39.51;7160000;0
MAGN;D;20190927;000000;39.455;39.74;39.2;39.2;4600300;0
MAGN;D;20190930;000000;39.3;39.425;38.87;39.155;6632000;0
MAGN;D;20191001;000000;39.1;39.345;38.615;38.7;8232000;0
MAGN;D;20191002;000000;38.815;38.88;37.63;37.705;9612100;0
MAGN;D;20191003;000000;37.65;37.845;36.26;36.8;22273000;0
MAGN;D;20191004;000000;36.8;37.36;36.65;37;15284600;0
MAGN;D;20191007;000000;37.11;37.495;36.67;37;7608400;0
MAGN;D;20191008;000000;37;37.17;36.73;37.025;4743700;0
MAGN;D;20191009;000000;37.1;37.34;36.53;36.53;9890500;0
MAGN;D;20191010;000000;36.72;37.295;36.45;37.29;11251800;0
MAGN;D;20191011;000000;37.345;38.245;37.11;37.61;22388800;0
MAGN;D;20191014;000000;37.15;37.395;36.375;36.62;12406000;0
MAGN;D;20191015;000000;36.6;36.785;35.865;36.195;13876100;0
MAGN;D;20191016;000000;36.295;37.175;36.295;36.975;10460200;0
MAGN;D;20191017;000000;37;37.515;36.78;37.2;8478500;0
MAGN;D;20191018;000000;37.15;37.26;36.55;36.565;7747600;0
MAGN;D;20191021;000000;36.55;36.7;35.81;35.995;7977300;0
MAGN;D;20191022;000000;36.05;36.835;35.935;36.82;9890400;0
MAGN;D;20191023;000000;36.655;36.94;36.055;36.3;11207900;0
MAGN;D;20191024;000000;36.3;36.45;36.01;36.195;9083300;0
MAGN;D;20191025;000000;36.115;36.195;35.19;35.55;11962700;0
MAGN;D;20191028;000000;35.49;36.995;35.455;36.175;10645000;0
MAGN;D;20191029;000000;36.2;37.3;36.06;37.3;11041300;0
MAGN;D;20191030;000000;37.2;37.32;36.575;36.9;10475500;0
MAGN;D;20191031;000000;37.25;38.02;36.5;36.53;26462600;0
MAGN;D;20191101;000000;36.815;37.105;36.625;37.07;7826400;0
MAGN;D;20191105;000000;37.105;37.52;36.975;37.28;8474100;0
MAGN;D;20191106;000000;37.28;38.495;37.275;38.495;13632500;0
MAGN;D;20191107;000000;38.5;39.655;38.14;39.245;18240900;0
MAGN;D;20191108;000000;39.2;39.25;38.45;38.595;9867700;0
MAGN;D;20191111;000000;38.5;38.89;37.9;38.1;10571200;0
MAGN;D;20191112;000000;38.105;38.85;38.08;38.6;10416700;0
MAGN;D;20191113;000000;38.535;38.6;37.65;38.325;11007800;0
MAGN;D;20191114;000000;38.255;38.95;36.77;37.2;24147500;0
MAGN;D;20191115;000000;37.21;37.975;36.86;37.975;10910900;0
MAGN;D;20191118;000000;38.005;38.25;37.55;37.94;10552600;0
MAGN;D;20191119;000000;37.9;38.35;37.805;38.32;7523400;0
MAGN;D;20191120;000000;38.28;38.455;37.915;38.355;9488200;0
MAGN;D;20191121;000000;38.12;38.32;37.825;37.88;7269000;0
MAGN;D;20191122;000000;37.765;38.34;37.765;38.25;7038600;0
MAGN;D;20191125;000000;38.44;38.97;38.265;38.885;8986400;0
MAGN;D;20191126;000000;38.9;39.09;38.465;38.65;17646800;0
MAGN;D;20191127;000000;38.64;38.79;38.26;38.63;8150300;0
MAGN;D;20191128;000000;38.78;39.055;38.525;39.04;8349000;0
MAGN;D;20191129;000000;38.965;39.025;38.68;38.985;12094700;0
MAGN;D;20191202;000000;39.095;39.435;38.945;39.435;9155100;0
MAGN;D;20191203;000000;39.4;39.425;38.155;38.155;16024100;0
MAGN;D;20191204;000000;38.2;38.51;37.8;38.1;12967100;0
MAGN;D;20191205;000000;38.12;38.9;37.865;38.76;14208000;0
MAGN;D;20191206;000000;38.67;39.1;38.66;39.06;10317700;0
MAGN;D;20191209;000000;39.15;39.35;38.925;39.25;7678100;0
MAGN;D;20191210;000000;39.155;39.28;38.69;39.06;11840600;0
MAGN;D;20191211;000000;39.15;40.06;38.875;39.785;24414900;0
MAGN;D;20191212;000000;39.95;40.84;39.95;40.6;17146300;0
MAGN;D;20191213;000000;40.675;41.6;40.655;41.6;19277800;0
MAGN;D;20191216;000000;41.57;41.9;41.01;41.51;12791600;0
MAGN;D;20191217;000000;41.51;41.69;41.1;41.62;12203500;0
MAGN;D;20191218;000000;41.6;41.65;40.81;41.02;20996200;0
MAGN;D;20191219;000000;41.03;41.3;40.805;41.02;9756500;0
MAGN;D;20191220;000000;41.25;41.25;40.725;40.8;8095100;0
MAGN;D;20191223;000000;40.8;41.19;40.8;41.12;8502500;0
MAGN;D;20191224;000000;41.12;41.2;41.015;41.06;2714700;0
MAGN;D;20191225;000000;41.14;41.2;41;41.15;2561700;0
MAGN;D;20191226;000000;41.1;41.5;41;41.415;4173000;0
MAGN;D;20191227;000000;41.45;42.285;41.45;42.125;7523900;0
MAGN;D;20191230;000000;42.2;42.57;41.915;41.95;8116500;0
MAGN;D;20200103;000000;42.485;42.8;42.175;42.545;7272900;0
MAGN;D;20200106;000000;42.41;42.47;41.83;42.3;6512100;0
MAGN;D;20200108;000000;42.15;42.53;41.91;42.285;9923000;0
MAGN;D;20200109;000000;42.405;42.91;42.33;42.75;14125500;0
MAGN;D;20200110;000000;42.755;43.5;42.745;43.345;15255800;0
MAGN;D;20200113;000000;43.615;44.61;43.5;44.61;30395300;0
MAGN;D;20200114;000000;43.325;44.4;43.29;44.28;34202200;0
MAGN;D;20200115;000000;44.28;44.715;43.51;44.4;21092600;0
MAGN;D;20200116;000000;44.505;45.105;44.215;45.1;16238000;0
MAGN;D;20200117;000000;45.1;47.485;44.96;47.09;26713400;0
MAGN;D;20200120;000000;47.12;48.92;46.9;47.53;21899500;0
MAGN;D;20200121;000000;47.3;47.385;45.8;46.2;19377300;0
MAGN;D;20200122;000000;46.06;46.72;44.5;44.715;18211200;0
MAGN;D;20200123;000000;44.53;45.9;44.05;45.3;15973700;0
MAGN;D;20200124;000000;45.505;46.085;45.075;45.35;8060300;0
MAGN;D;20200127;000000;44.99;45;44.11;44.305;16069900;0
MAGN;D;20200128;000000;44.335;45.585;44.335;45.32;10714600;0
MAGN;D;20200129;000000;45.55;45.855;45.21;45.43;8496200;0
MAGN;D;20200130;000000;45.055;45.8;44.77;45.315;8030700;0
MAGN;D;20200131;000000;45.795;45.795;44.74;44.91;15204800;0
MAGN;D;20200203;000000;44.2;45.355;43.65;45.15;21119100;0
MAGN;D;20200204;000000;45.445;46.655;44.95;46.055;32685700;0
MAGN;D;20200205;000000;46.5;46.865;45.565;46.2;34728400;0
MAGN;D;20200206;000000;46.4;46.48;45;45.23;17816100;0
MAGN;D;20200207;000000;45.11;45.35;44.9;45.13;13254400;0
MAGN;D;20200210;000000;45.085;45.085;44.12;44.39;16749200;0
MAGN;D;20200211;000000;44.56;45.65;44.505;45.45;20860800;0
MAGN;D;20200212;000000;45.55;46.15;45.22;45.7;25489300;0
MAGN;D;20200213;000000;45.34;45.975;45.19;45.4;8975500;0
MAGN;D;20200214;000000;45.495;45.77;45.15;45.695;9860500;0
MAGN;D;20200217;000000;45.695;45.85;45.2;45.42;7279600;0
MAGN;D;20200218;000000;45.445;45.445;44.585;44.87;10196000;0
MAGN;D;20200219;000000;45;45.43;44.745;44.85;7755200;0
MAGN;D;20200220;000000;45.055;45.56;44.865;45.05;13167700;0
MAGN;D;20200221;000000;44.9;45.105;44.755;44.9;6173600;0
MAGN;D;20200225;000000;44.4;45.295;43.905;44.1;19841300;0
MAGN;D;20200226;000000;44.115;44.76;43.255;44.3;19571300;0
MAGN;D;20200227;000000;44.02;44.54;42.675;43;19004900;0
MAGN;D;20200228;000000;42.005;42.365;39.16;39.985;39306000;0
MAGN;D;20200302;000000;41.495;41.495;38.05;39.04;29637100;0
MAGN;D;20200303;000000;39.7;40.15;38.53;38.94;17164800;0
MAGN;D;20200304;000000;38.57;39.95;38.525;39.565;13003400;0
MAGN;D;20200305;000000;39.965;40.27;38.955;39.265;19558400;0
MAGN;D;20200306;000000;38.5;39.085;37.62;38.415;17657500;0
MAGN;D;20200310;000000;35.09;40.695;35.09;38.38;31563900;0
MAGN;D;20200311;000000;39.24;39.495;38.055;38.49;13770500;0
MAGN;D;20200312;000000;37.97;37.97;35;35;30457600;0
MAGN;D;20200313;000000;35.2;36.895;34.96;34.96;26047200;0
MAGN;D;20200316;000000;35.6;35.65;31.74;35.4;38201200;0
MAGN;D;20200317;000000;34.525;35.855;32.655;34.25;23291400;0
MAGN;D;20200318;000000;34;34;32;32;23507100;0
MAGN;D;20200319;000000;32;34;31.225;33.7;21180700;0
MAGN;D;20200320;000000;34.07;35.295;33.7;33.955;22773300;0
MAGN;D;20200323;000000;33.08;34.425;32.555;33.18;14911100;0
MAGN;D;20200324;000000;34.175;35.35;34.045;34.2;22360500;0
MAGN;D;20200325;000000;35.11;36.98;34.305;35.9;25224700;0
MAGN;D;20200326;000000;35.62;37.065;34.73;36.775;27604800;0
MAGN;D;20200327;000000;36.9;36.965;35.22;35.75;15896000;0
MAGN;D;20200330;000000;35.2;36.58;35.05;36.135;17230000;0
MAGN;D;20200331;000000;36.475;38.5;36.39;38.5;24592300;0
MAGN;D;20200401;000000;37.73;38.485;37.4;38.485;21156400;0
MAGN;D;20200402;000000;38.88;39.575;37.25;38.1;23660900;0
MAGN;D;20200403;000000;37.91;38.425;37.46;37.92;22150200;0
MAGN;D;20200406;000000;38.07;40.255;38.01;39.88;19337800;0
MAGN;D;20200407;000000;40;40.57;38.85;39.035;16064500;0
MAGN;D;20200408;000000;38.9;39.955;38.645;39.955;11638400;0
MAGN;D;20200409;000000;40.15;40.185;39.32;40.18;14631700;0
MAGN;D;20200410;000000;39.78;39.97;39.45;39.85;3863600;0
MAGN;D;20200413;000000;40;40;38.86;39.34;5214100;0
MAGN;D;20200414;000000;39.3;40.15;39.265;39.84;9078200;0
MAGN;D;20200415;000000;39.74;39.825;37.85;37.93;11316700;0
MAGN;D;20200416;000000;38.215;39.745;37.81;38.785;18406300;0
MAGN;D;20200417;000000;39.255;39.445;38.465;38.73;9220400;0
MAGN;D;20200420;000000;38.8;39.65;38.355;39.32;9662300;0
MAGN;D;20200421;000000;38.9;39.4;38.255;39.115;15439000;0
MAGN;D;20200422;000000;39;40.35;38.93;39.795;10580300;0
MAGN;D;20200423;000000;40.235;40.425;39.63;40.01;11261200;0
MAGN;D;20200424;000000;39.96;40.195;39.085;39.125;9843000;0
MAGN;D;20200427;000000;39.25;40.88;39.21;40.7;11100200;0
MAGN;D;20200428;000000;40.6;41.945;40.085;41.675;20110300;0
MAGN;D;20200429;000000;41.985;41.985;40.12;40.35;25122100;0
MAGN;D;20200430;000000;40.4;41.06;39.86;40.26;22997900;0
MAGN;D;20200504;000000;39.89;39.985;39.02;39.51;12350400;0
MAGN;D;20200505;000000;39.7;40;39.255;39.5;8425300;0
MAGN;D;20200506;000000;39.68;40.045;39.115;39.13;9235400;0
MAGN;D;20200507;000000;39.2;39.635;38.45;38.5;17480700;0
MAGN;D;20200508;000000;38.62;38.75;37.855;38.1;13939500;0
MAGN;D;20200512;000000;38.155;38.26;37.355;37.955;14709400;0
MAGN;D;20200513;000000;37.68;37.775;37.09;37.5;12917700;0
MAGN;D;20200514;000000;37.17;37.33;36.715;37.12;11638600;0
MAGN;D;20200515;000000;37.335;37.76;36.89;37.005;9477000;0
MAGN;D;20200518;000000;37.4;37.85;37.28;37.845;12832000;0
MAGN;D;20200519;000000;38;38.175;37.225;37.75;9797200;0
MAGN;D;20200520;000000;37.5;38.615;37.4;38.615;15121000;0
MAGN;D;20200521;000000;38.6;39.035;37.87;38.1;10454100;0
MAGN;D;20200522;000000;37.8;38.435;37.62;38.165;6515900;0
MAGN;D;20200525;000000;38.185;39.795;38.185;39.275;10189100;0
MAGN;D;20200526;000000;39.66;39.885;39.3;39.435;12075700;0
MAGN;D;20200527;000000;39.4;39.945;38.5;39.685;12379400;0
MAGN;D;20200528;000000;39.375;41.885;39.37;41.825;28368300;0
MAGN;D;20200529;000000;41.525;41.59;39.935;40.44;38276000;0
MAGN;D;20200601;000000;40.78;41.15;40.165;41;10845200;0
MAGN;D;20200602;000000;41.005;41.78;40.95;41.6;10097400;0
MAGN;D;20200603;000000;41.8;43.25;41.605;42.585;15827500;0
MAGN;D;20200604;000000;42.595;43.135;41.81;42.52;12692300;0
MAGN;D;20200605;000000;42.625;42.995;42.27;42.505;4931000;0
MAGN;D;20200608;000000;42.75;43.2;42.23;42.99;8222100;0
MAGN;D;20200609;000000;42.755;42.95;41.565;42.635;14578400;0
MAGN;D;20200610;000000;42.42;43.83;42.12;42.78;15223100;0
MAGN;D;20200611;000000;42.5;42.5;40.91;41.08;13792400;0
MAGN;D;20200615;000000;40.8;40.8;39.955;40.55;19108400;0
MAGN;D;20200616;000000;39.15;41.02;39.05;39.92;21484300;0
MAGN;D;20200617;000000;39.89;40.435;39.315;39.315;10291500;0
MAGN;D;20200618;000000;39.31;39.84;39.13;39.6;11109400;0
MAGN;D;20200619;000000;39.825;40.12;39.75;39.83;21798400;0
MAGN;D;20200622;000000;39.645;39.655;38.9;39.375;11417400;0
MAGN;D;20200623;000000;39.57;39.725;38.92;39.01;10592900;0
MAGN;D;20200625;000000;38.71;38.71;37.57;37.71;31397200;0
MAGN;D;20200626;000000;37.995;38.1;37.335;37.71;16230000;0
MAGN;D;20200629;000000;37.48;37.855;37.16;37.2;12011300;0
MAGN;D;20200630;000000;37.355;37.815;36.985;36.985;21202500;0
MAGN;D;20200702;000000;37.16;37.8;37.16;37.605;17876400;0
MAGN;D;20200703;000000;37.82;38.255;37.63;37.95;13648900;0
MAGN;D;20200706;000000;38.005;38.96;38.005;38.56;16565100;0
MAGN;D;20200707;000000;38.695;38.935;37.915;38.14;20373700;0
MAGN;D;20200708;000000;38.14;38.6;38.07;38.31;9097600;0
MAGN;D;20200709;000000;38.565;38.76;38.265;38.675;11588800;0
MAGN;D;20200710;000000;38.505;38.67;38.315;38.64;5752200;0
MAGN;D;20200713;000000;38.655;38.93;37.67;37.67;16173100;0
MAGN;D;20200714;000000;37.75;38.57;37.305;38.57;15495700;0
MAGN;D;20200715;000000;38.685;39.055;38.4;39;15059300;0
MAGN;D;20200716;000000;38.705;39.17;38.28;38.325;15646100;0
MAGN;D;20200717;000000;38.495;38.625;37.92;38.1;9638900;0
MAGN;D;20200720;000000;38.2;38.405;37.77;38.3;9874700;0
MAGN;D;20200721;000000;38.47;39.3;38.41;39.16;17963400;0
MAGN;D;20200722;000000;39.235;39.235;38.4;38.79;15614600;0
MAGN;D;20200723;000000;38.8;39.135;38.6;38.8;7715000;0
MAGN;D;20200724;000000;38.5;39.16;38.225;39.16;13893100;0
MAGN;D;20200727;000000;39.3;39.83;39.06;39.125;21368400;0
MAGN;D;20200728;000000;39.205;40.445;39.205;40.395;22470600;0
MAGN;D;20200729;000000;40.25;40.25;39.31;39.9;19640000;0
MAGN;D;20200730;000000;39.9;39.94;38.64;39.285;18765000;0
MAGN;D;20200731;000000;39.285;39.96;38.77;39.96;21189200;0
MAGN;D;20200803;000000;39.855;40.095;39.5;39.76;9180000;0
MAGN;D;20200804;000000;39.9;40.315;39.55;40.095;16275800;0
MAGN;D;20200805;000000;40.305;40.38;39.96;40.175;14007900;0
MAGN;D;20200806;000000;40.18;40.455;39.645;40.005;16596500;0
MAGN;D;20200807;000000;40;40.085;39.25;39.615;6849000;0
MAGN;D;20200810;000000;39.625;39.735;39.3;39.535;7600300;0
MAGN;D;20200811;000000;39.655;39.655;39.34;39.39;14236700;0
MAGN;D;20200812;000000;39.395;40.995;39.195;40.085;20889400;0
MAGN;D;20200813;000000;40.165;40.38;39.68;40.105;21280300;0
MAGN;D;20200814;000000;40.21;40.21;39.6;39.915;17913500;0
MAGN;D;20200817;000000;40;40.17;39.65;40;9220400;0
MAGN;D;20200818;000000;40;40.02;39.405;39.505;11786800;0
MAGN;D;20200819;000000;39.51;40.795;39.425;40.365;24857200;0
MAGN;D;20200820;000000;40.3;40.345;39.7;39.89;10982600;0
MAGN;D;20200821;000000;40.02;40.195;39.305;39.665;9750400;0
MAGN;D;20200824;000000;39.86;40.045;39.59;39.78;5152300;0
MAGN;D;20200825;000000;39.735;39.95;39.39;39.63;9411700;0
MAGN;D;20200826;000000;39.515;39.795;39.435;39.585;7069100;0
MAGN;D;20200827;000000;39.55;39.67;38.585;38.825;12897000;0
MAGN;D;20200828;000000;38.9;38.9;38.325;38.6;10457200;0
MAGN;D;20200831;000000;38.655;38.845;37.55;37.85;24168600;0
MAGN;D;20200901;000000;37.995;38.34;37.65;38.33;12001200;0
MAGN;D;20200902;000000;38.3;38.38;37.325;37.68;25186800;0
MAGN;D;20200903;000000;37.65;37.74;36.85;36.97;20010200;0
MAGN;D;20200904;000000;36.895;37.44;36.895;37.195;13609500;0
MAGN;D;20200907;000000;37.01;37.425;36.66;36.93;15924500;0
MAGN;D;20200908;000000;36.995;37.18;36.15;36.355;27857200;0
MAGN;D;20200909;000000;36.355;37.52;36.205;37.48;22081800;0
MAGN;D;20200910;000000;37.505;37.555;36.53;36.98;20147800;0
MAGN;D;20200911;000000;37.095;37.645;36.89;37.44;24733200;0
MAGN;D;20200914;000000;37.22;38.695;37.22;38.63;24325000;0
MAGN;D;20200915;000000;38.7;39.35;38.51;39.12;21897100;0
MAGN;D;20200916;000000;39.19;39.24;38.355;38.515;15695300;0
MAGN;D;20200917;000000;38.555;39.65;38.24;39.35;22379000;0
MAGN;D;20200918;000000;39.325;39.975;38.97;39.61;26103600;0
MAGN;D;20200921;000000;39.61;39.895;39.045;39.51;20395100;0
MAGN;D;20200922;000000;38.745;39.145;38.065;38.915;32823500;0
MAGN;D;20200923;000000;38.905;40.045;38.63;39.265;32961500;0
MAGN;D;20200924;000000;39.465;39.465;37.595;38.07;27600000;0
MAGN;D;20200925;000000;38.015;38.77;37.83;38.4;18085100;0
MAGN;D;20200928;000000;38.38;39.24;38.315;38.95;13299300;0
MAGN;D;20200929;000000;38.91;39.35;38.205;39.16;15169400;0
MAGN;D;20200930;000000;38.76;39.15;38.49;38.63;13596500;0
MAGN;D;20201001;000000;38.825;38.98;38.13;38.15;11464000;0
MAGN;D;20201002;000000;38.145;38.475;37.63;38.3;10111200;0
MAGN;D;20201005;000000;38.3;38.355;37.28;37.615;30496200;0
MAGN;D;20201006;000000;37.66;38.05;37.075;37.115;25041200;0
MAGN;D;20201007;000000;37.28;37.31;36.425;36.795;20285900;0
MAGN;D;20201008;000000;36.89;36.945;36.375;36.6;18636200;0
MAGN;D;20201009;000000;36.7;36.7;35.63;35.86;31431800;0
MAGN;D;20201012;000000;35.945;36.25;35.66;36.085;21847200;0
MAGN;D;20201013;000000;36.07;36.35;35.05;35.25;25247600;0
MAGN;D;20201014;000000;35.12;35.565;35.12;35.505;15807500;0
MAGN;D;20201015;000000;35.5;35.65;34.575;34.845;25418700;0
MAGN;D;20201016;000000;34.875;35.44;34.525;34.925;18660100;0
MAGN;D;20201019;000000;35.135;35.25;34.605;34.87;12649500;0
MAGN;D;20201020;000000;34.935;35.63;34.835;35.6;15025200;0
MAGN;D;20201021;000000;35.65;36.415;35.65;36.295;21855100;0
MAGN;D;20201022;000000;36.375;37.6;36.27;37.56;46364700;0
MAGN;D;20201023;000000;37.22;37.53;37.18;37.27;22314500;0
MAGN;D;20201026;000000;37.07;37.315;36.51;36.735;18794900;0
MAGN;D;20201027;000000;36.83;36.92;35.73;35.95;26061600;0
MAGN;D;20201028;000000;35.88;36.08;35.3;35.52;27077700;0
MAGN;D;20201029;000000;35.92;36.625;35.565;36.425;26597300;0
MAGN;D;20201030;000000;36.14;37.66;35.695;37.19;35078800;0
MAGN;D;20201102;000000;37.19;38.27;36.9;37.8;29437900;0
MAGN;D;20201103;000000;37.8;39;37.8;38.7;41695600;0
MAGN;D;20201105;000000;39.06;39.71;38.2;38.8;44259800;0
MAGN;D;20201106;000000;38.78;39.125;38.315;39.04;34655000;0
MAGN;D;20201109;000000;39.245;39.525;38.255;39.19;57687900;0
MAGN;D;20201110;000000;39.2;39.795;38.9;39.15;38300400;0
MAGN;D;20201111;000000;38.58;41.7;38.13;41.07;110072800;0
MAGN;D;20201112;000000;41.07;42.1;40.1;40.85;54864000;0
MAGN;D;20201113;000000;40.845;41.91;40.68;41.66;22416000;0
MAGN;D;20201116;000000;41.98;43.075;41.7;43;37833500;0
MAGN;D;20201117;000000;43;43.455;42.1;42.56;34116500;0
MAGN;D;20201118;000000;42.5;42.99;41.67;41.855;29438400;0
MAGN;D;20201119;000000;41.795;42.76;41.58;42.075;26262000;0
MAGN;D;20201120;000000;41.825;42.075;41.485;41.78;14764600;0
MAGN;D;20201123;000000;41.82;42.415;41.465;41.92;17413000;0
MAGN;D;20201124;000000;41.92;42.28;41.8;42.12;16933800;0
MAGN;D;20201125;000000;42.1;42.62;41.825;42.52;21568700;0
MAGN;D;20201126;000000;42.685;43.045;42.25;42.675;20040900;0
MAGN;D;20201127;000000;42.81;43.145;42.13;42.85;35494700;0
MAGN;D;20201130;000000;42.69;44.07;41.07;43.48;287895610;0
MAGN;D;20201201;000000;43.5;43.99;42.515;43.6;75494970;0
MAGN;D;20201202;000000;43.58;45.425;43.5;45.29;64129720;0
MAGN;D;20201203;000000;45.4;45.49;43.9;44.395;48242930;0
MAGN;D;20201204;000000;44.6;45.235;44.205;44.84;37407600;0
MAGN;D;20201207;000000;44.815;47.8;44.685;47.495;74209930;0
MAGN;D;20201208;000000;47.52;49.615;46.1;47.415;98758550;0
MAGN;D;20201209;000000;47.305;47.92;46.88;47;36430960;0
MAGN;D;20201210;000000;47.065;48.93;47.015;48.18;49446630;0
MAGN;D;20201211;000000;48.42;49.285;48.255;48.83;21410750;0
MAGN;D;20201214;000000;48.86;51.885;48.72;50.95;54151990;0
MAGN;D;20201215;000000;50.7;52.36;50.625;51.94;48115250;0
MAGN;D;20201216;000000;51.9;53.395;50.865;52.8;60538730;0
MAGN;D;20201217;000000;53.2;53.77;52.62;53.01;47809430;0
MAGN;D;20201218;000000;52.8;53.195;51.43;52.5;29401550;0
MAGN;D;20201221;000000;52.2;52.39;50.215;51.98;41042420;0
MAGN;D;20201222;000000;51.49;53.75;51.255;53.475;42471350;0
MAGN;D;20201223;000000;53.5;54.75;53.17;54.725;33499800;0
MAGN;D;20201224;000000;54.8;56.9;54.765;56.31;46446660;0
MAGN;D;20201225;000000;56.315;57.995;56.315;57.945;32696070;0
MAGN;D;20201228;000000;58.005;59.09;56.58;58.43;49009180;0
MAGN;D;20201229;000000;58.29;58.755;55.02;56.92;73762270;0
MAGN;D;20201230;000000;57.12;57.66;55.23;55.835;47327850;0
MAGN;D;20210104;000000;56;57.2;56;56.93;29118460;0
MAGN;D;20210105;000000;57.155;57.285;56.355;57;25539010;0
MAGN;D;20210106;000000;57;57.2;56.4;56.76;19283820;0
MAGN;D;20210108;000000;56.85;57.7;56.805;57.69;34472730;0
MAGN;D;20210111;000000;57.7;58.35;57.11;57.915;39089450;0
MAGN;D;20210112;000000;57.775;58.21;57.42;57.81;48467630;0
MAGN;D;20210113;000000;55.5;55.8;53.82;54.7;77334660;0
MAGN;D;20210114;000000;54.59;57.215;53.9;56.945;89442600;0
MAGN;D;20210115;000000;57.115;57.75;56.06;56.25;42939410;0
MAGN;D;20210118;000000;56.125;57.5;55.57;56.86;32978390;0
MAGN;D;20210119;000000;57.01;57.5;56.855;57.325;26915530;0
MAGN;D;20210120;000000;57.5;57.69;56.775;57.065;20404040;0
MAGN;D;20210121;000000;57.195;57.235;55.15;55.855;49841200;0
MAGN;D;20210122;000000;55.79;56;53.825;55.27;48165120;0
MAGN;D;20210125;000000;55.275;55.91;53.805;54.835;30161650;0
MAGN;D;20210126;000000;54.26;54.7;53.675;54.41;25225070;0
MAGN;D;20210127;000000;54.585;54.71;52.835;53.035;41000730;0
MAGN;D;20210128;000000;52.865;52.98;51.575;52.155;49969580;0
MAGN;D;20210129;000000;51.77;52.19;50.88;51.895;50343890;0
MAGN;D;20210201;000000;52.155;53.73;52;53.59;49653490;0
MAGN;D;20210202;000000;53.7;54.115;52.89;53.005;36991320;0
MAGN;D;20210203;000000;53;53.55;52.9;53.475;16961650;0
MAGN;D;20210204;000000;53.49;53.65;52.705;53.075;22669530;0
MAGN;D;20210205;000000;53.18;53.18;51.45;52.14;32141740;0
MAGN;D;20210208;000000;52.28;52.535;51.36;52.255;28332810;0
MAGN;D;20210209;000000;52.35;52.385;51.33;51.835;25152280;0
MAGN;D;20210210;000000;51.86;51.99;51.46;51.805;15022060;0
MAGN;D;20210211;000000;51.83;51.865;51.255;51.45;17049050;0
MAGN;D;20210212;000000;51.495;52.1;49.14;52.09;37997430;0
MAGN;D;20210215;000000;52.215;53.13;51.295;51.82;21112270;0
MAGN;D;20210216;000000;52;52.95;51.5;52.415;20769700;0
MAGN;D;20210217;000000;52.5;53.29;51.5;52.145;30915270;0
MAGN;D;20210218;000000;52.175;52.175;50.71;51.09;14065100;0
MAGN;D;20210219;000000;50.905;52.1;49.905;51.73;27749590;0
MAGN;D;20210220;000000;52;52.7;51.69;52.3;9039160;0
MAGN;D;20210222;000000;52.435;53.66;51.68;53.09;26898970;0
MAGN;D;20210224;000000;52.92;52.92;51.8;52.54;31746780;0
MAGN;D;20210225;000000;52.505;54.225;51.545;53.09;57311890;0
MAGN;D;20210226;000000;52.55;54.8;52.04;54.205;57749870;0
MAGN;D;20210301;000000;54.5;55.185;53.7;55.1;29604960;0
MAGN;D;20210302;000000;55;55.4;54.37;54.965;25619140;0
MAGN;D;20210303;000000;55.11;56.66;55.025;56.14;41933190;0
MAGN;D;20210304;000000;56.2;56.425;54.1;54.4;32052440;0
MAGN;D;20210305;000000;54.51;54.695;53.45;54.66;27155070;0
MAGN;D;20210309;000000;54.735;55.3;52.6;53.4;32248710;0
MAGN;D;20210310;000000;53.265;53.945;52.77;53.61;17200470;0
MAGN;D;20210311;000000;53.925;55.2;53.6;54.995;32439460;0
MAGN;D;20210312;000000;55.295;56.09;54.525;55.695;27402730;0
MAGN;D;20210315;000000;55.95;56.395;55.16;55.8;26168080;0
MAGN;D;20210316;000000;55.795;55.795;54.72;55.3;19940040;0
MAGN;D;20210317;000000;55.225;55.43;53.6;54.38;28036300;0
MAGN;D;20210318;000000;54.25;55.1;53.175;53.61;33978600;0
MAGN;D;20210319;000000;53.945;54.7;53.5;54.4;23774630;0
MAGN;D;20210322;000000;54.54;54.605;53.325;53.78;23342830;0
MAGN;D;20210323;000000;53.65;53.735;52.9;52.98;11284000;0
MAGN;D;20210324;000000;53.08;53.95;52.8;53.475;16468660;0
MAGN;D;20210325;000000;53.595;54.43;53.375;53.805;21803780;0
MAGN;D;20210326;000000;54;56.21;54;56.04;42649170;0
MAGN;D;20210329;000000;55.995;58.13;55.67;57.615;54459150;0
MAGN;D;20210330;000000;57.515;58.775;57.5;58.46;39958180;0
MAGN;D;20210331;000000;58.7;61.99;58.485;60.885;65850200;0
MAGN;D;20210401;000000;61.3;61.55;59.12;59.705;39570140;0
MAGN;D;20210402;000000;59.605;60.36;59.38;59.645;12608010;0
MAGN;D;20210405;000000;59.5;60.415;58.375;60.09;25359020;0
MAGN;D;20210406;000000;60.175;60.95;59.44;60.365;29919510;0
MAGN;D;20210407;000000;60;61.85;58.935;61.795;58898180;0
MAGN;D;20210408;000000;61.9;62.955;61.27;62.17;36316390;0
MAGN;D;20210409;000000;62.005;62.4;61.18;61.985;29543950;0
MAGN;D;20210412;000000;61.95;65;61.6;64.795;37266580;0
MAGN;D;20210413;000000;65.04;66.5;64.5;65.28;44874170;0
MAGN;D;20210414;000000;65.5;65.795;63.66;64.695;33198980;0
MAGN;D;20210415;000000;64.4;65.79;64.045;65.5;15698860;0
MAGN;D;20210416;000000;65.79;68.91;65.42;68.825;41642450;0
MAGN;D;20210419;000000;69.15;71.38;67.27;68.68;98767480;0
MAGN;D;20210420;000000;68.78;69.785;66.825;67.415;40936940;0
MAGN;D;20210421;000000;67.17;68.74;66.725;68.385;64171260;0
MAGN;D;20210422;000000;68.47;70.145;67.56;68.99;41093980;0
MAGN;D;20210423;000000;69.665;70.47;68.5;70.32;25002250;0
MAGN;D;20210426;000000;70.51;71.875;68.325;69.24;40914610;0
MAGN;D;20210427;000000;69.345;69.355;64.645;65.65;159749710;0
MAGN;D;20210428;000000;65.3;67;65.26;66.67;91104150;0
MAGN;D;20210429;000000;66.945;67.75;65.925;66.81;38401900;0
MAGN;D;20210430;000000;66.475;66.935;64.84;65.265;28133510;0
MAGN;D;20210504;000000;65.195;66.09;64.5;65.28;36521300;0
MAGN;D;20210505;000000;65.13;65.795;64.085;65.585;34661250;0
MAGN;D;20210506;000000;65.585;65.945;64.13;65.05;35867100;0
MAGN;D;20210507;000000;65.18;65.75;64.805;65.455;29073610;0
MAGN;D;20210510;000000;65.5;65.87;64.05;64.475;38780920;0
MAGN;D;20210511;000000;64;64.595;63;63.83;27555550;0
MAGN;D;20210512;000000;63.8;64.22;63.325;63.325;16213530;0
MAGN;D;20210513;000000;63.275;63.515;61.6;63.33;33544640;0
MAGN;D;20210514;000000;63.5;63.9;62.3;63.7;18702510;0
MAGN;D;20210517;000000;63.965;63.965;62.55;63.28;13363530;0
MAGN;D;20210518;000000;63.275;65.13;62.71;64.1;35056540;0
MAGN;D;20210519;000000;63.815;64.09;62.1;62.915;36784140;0
MAGN;D;20210520;000000;62.47;65.65;62.455;65.4;46071760;0
MAGN;D;20210521;000000;65.45;66.29;64.935;65.6;44353340;0
MAGN;D;20210524;000000;65.5;65.715;64.61;65.22;21213990;0
MAGN;D;20210525;000000;65.24;65.58;64.905;65.315;11588000;0
MAGN;D;20210526;000000;65.385;66.05;63.46;64.55;42957040;0
MAGN;D;20210527;000000;64.15;64.35;63;63.48;24515490;0
MAGN;D;20210528;000000;63.58;63.6;62.46;63.035;23500900;0
MAGN;D;20210531;000000;62.545;63.2;61.82;63.17;21848710;0
MAGN;D;20210601;000000;63.29;64.1;62.765;64.01;27461580;0
MAGN;D;20210602;000000;64.14;65.73;64.01;65.72;36326100;0
MAGN;D;20210603;000000;65.85;65.97;64.41;64.98;20241030;0
MAGN;D;20210604;000000;64.98;64.985;63.6;64.44;21842650;0
MAGN;D;20210607;000000;64.44;64.89;63.56;64.7;20541570;0
MAGN;D;20210608;000000;64.9;65.605;64.2;64.555;21844990;0
MAGN;D;20210609;000000;64.47;65.865;63.785;65.75;33287930;0
MAGN;D;20210610;000000;66;67.5;65.775;67.5;47712430;0
MAGN;D;20210611;000000;67.685;68.59;66.405;68.02;49909510;0
MAGN;D;20210614;000000;68.13;68.755;67.055;67.6;27393350;0
MAGN;D;20210615;000000;67.65;68.195;66.44;67;41428630;0
MAGN;D;20210616;000000;64.565;65.315;64.165;64.505;51368500;0
MAGN;D;20210617;000000;64.44;64.63;63.15;63.535;30333610;0
MAGN;D;20210618;000000;63.535;63.935;61.67;63.275;62857800;0
MAGN;D;20210621;000000;63.01;64.04;61.815;63.715;34144780;0
MAGN;D;20210622;000000;63.87;64;62.32;62.905;16606840;0
MAGN;D;20210623;000000;62.84;64.12;62.84;63.52;31269950;0
MAGN;D;20210624;000000;63.795;64.36;59.75;61.16;77863010;0
MAGN;D;20210625;000000;61.17;61.175;59.14;59.94;59152510;0
MAGN;D;20210628;000000;59.92;60.59;59.525;60.195;31566540;0
MAGN;D;20210629;000000;60.19;60.19;58.505;58.89;23321940;0
MAGN;D;20210630;000000;58.915;60.755;58.535;60.585;30328570;0
MAGN;D;20210701;000000;60.605;61.19;59.715;59.97;27411110;0
MAGN;D;20210702;000000;60;60.245;59.34;59.745;14120530;0
MAGN;D;20210705;000000;59.705;59.905;58.915;59.075;14172100;0
MAGN;D;20210706;000000;59;59.27;57.3;57.58;35078180;0
MAGN;D;20210707;000000;57.81;59.05;57.415;58.965;29048630;0
MAGN;D;20210708;000000;58.96;59.65;58.09;58.4;16669110;0
MAGN;D;20210709;000000;58.7;61.08;58.555;60.8;36313740;0
MAGN;D;20210712;000000;61.235;61.235;60;61.1;13479330;0
MAGN;D;20210713;000000;61.1;62.965;60.91;62.88;35502160;0
MAGN;D;20210714;000000;63.045;63.9;61.825;62.08;36777450;0
MAGN;D;20210715;000000;62.055;63.18;61.56;62.84;17842920;0
MAGN;D;20210716;000000;63;63.8;61.805;62;28758550;0
MAGN;D;20210719;000000;61.99;62.415;60.18;61.99;40694370;0
MAGN;D;20210720;000000;62.49;63.36;61.725;63.015;44740850;0
MAGN;D;20210721;000000;63.2;64.385;63.165;64.05;40271190;0
MAGN;D;20210722;000000;64.52;65.89;64.42;65.3;57975750;0
MAGN;D;20210723;000000;65.53;66.6;65.5;66.6;45445220;0
MAGN;D;20210726;000000;66.2;67.28;65.77;67.175;37831150;0
MAGN;D;20210727;000000;67;68.59;67;68.41;50548520;0
MAGN;D;20210728;000000;68.61;69.795;68.27;68.85;56063120;0
MAGN;D;20210729;000000;68.85;69.7;68.7;69.35;19095820;0
MAGN;D;20210730;000000;69.25;69.25;68.13;68.795;22749750;0
MAGN;D;20210802;000000;68.915;69.39;68.55;69.145;18091120;0
MAGN;D;20210803;000000;69.25;69.49;68.78;69.155;13805530;0
MAGN;D;20210804;000000;69.23;70.1;69.14;69.98;21364730;0
MAGN;D;20210805;000000;69.98;70.295;69.755;70.235;12115710;0
MAGN;D;20210806;000000;70.24;70.45;68.5;68.615;21758790;0
MAGN;D;20210809;000000;68.13;68.375;67.005;67.53;26576200;0
MAGN;D;20210810;000000;67.7;69.15;67.26;68.85;20707420;0
MAGN;D;20210811;000000;69.21;69.3;68.17;68.83;14393000;0
MAGN;D;20210812;000000;68.99;69.09;68.4;68.755;12179820;0
MAGN;D;20210813;000000;68.9;69.025;68.305;68.545;7427610;0
MAGN;D;20210816;000000;68.3;68.7;67.77;68.2;12927770;0
MAGN;D;20210817;000000;68;68.435;67.185;67.24;12005340;0
MAGN;D;20210818;000000;67.3;67.57;66.52;66.75;12702850;0
MAGN;D;20210819;000000;66.49;66.775;65.8;66.315;19194300;0
MAGN;D;20210820;000000;66.64;68.69;66.36;68.69;28438710;0
MAGN;D;20210823;000000;68.945;69.47;68.295;69.14;21293550;0
MAGN;D;20210824;000000;69;69.9;69;69.835;17569120;0
MAGN;D;20210825;000000;69.85;72.2;69.685;71.855;34358550;0
MAGN;D;20210826;000000;71.8;72.48;70.775;71.53;30876110;0
MAGN;D;20210827;000000;71.52;71.69;70.67;71.38;14316550;0
MAGN;D;20210830;000000;71.43;71.87;70.855;71.445;13054180;0
MAGN;D;20210831;000000;71.7;74;71.445;73.845;36316450;0
MAGN;D;20210901;000000;73.96;76;72.695;75.99;40626190;0
MAGN;D;20210902;000000;76.05;77.18;75.265;76.92;45417270;0
MAGN;D;20210903;000000;76.93;77.755;75.545;76.67;34709960;0
MAGN;D;20210906;000000;76.555;79.515;76.18;79.21;28953330;0
MAGN;D;20210907;000000;79.445;79.775;78.05;78.845;24696530;0
MAGN;D;20210908;000000;79.185;79.185;77.75;77.99;19327580;0
MAGN;D;20210909;000000;77.48;77.7;75.1;75.215;26330510;0
MAGN;D;20210910;000000;75.99;78.47;75.22;78.245;29678780;0
MAGN;D;20210913;000000;78.6;78.725;77.05;78.11;25468380;0
MAGN;D;20210914;000000;78.005;79.65;75.32;76.1;79875780;0
MAGN;D;20210915;000000;75.965;76.855;73.85;76.39;42083870;0
MAGN;D;20210916;000000;76.65;77.32;74.84;76.215;24120820;0
MAGN;D;20210917;000000;75.79;76;73.82;74.07;33635400;0
MAGN;D;20210920;000000;73.615;73.64;71.515;72.155;40797370;0
MAGN;D;20210921;000000;72.63;75.685;72.21;75.07;61956160;0
MAGN;D;20210922;000000;75.2;78.33;75;78.33;67656740;0
MAGN;D;20210923;000000;78.39;78.9;75.5;76.89;89077150;0
MAGN;D;20210924;000000;73;74.13;72.05;73.14;100598300;0
MAGN;D;20210927;000000;73.875;74.075;72.11;72.59;35738760;0
MAGN;D;20210928;000000;72.59;72.63;70.25;70.645;30223420;0
MAGN;D;20210929;000000;70.64;71.085;68.36;69.225;33542480;0
MAGN;D;20210930;000000;69.685;70.095;67.85;68.375;25833500;0
MAGN;D;20211001;000000;68.1;69.86;67.22;69.675;31696810;0
MAGN;D;20211004;000000;69.66;69.81;66.435;67.16;46106610;0
MAGN;D;20211005;000000;67.14;67.77;65.51;67.425;56265790;0
MAGN;D;20211006;000000;67.5;69.9;66.34;69.78;68032270;0
MAGN;D;20211007;000000;69.8;71.965;69.125;70.005;76243060;0
MAGN;D;20211008;000000;69.59;72.47;69.255;71.44;47771690;0
MAGN;D;20211011;000000;71.665;72.815;71.665;72.38;39705390;0
MAGN;D;20211012;000000;72.21;72.3;71.225;71.59;29391060;0
MAGN;D;20211013;000000;71.7;71.77;69.1;69.53;44357120;0
MAGN;D;20211014;000000;70.195;70.35;68.65;69.535;29101930;0
MAGN;D;20211015;000000;70.01;70.01;67.875;68.41;31923330;0
MAGN;D;20211018;000000;68.5;70.34;67.545;69.93;33604210;0
MAGN;D;20211019;000000;70.28;70.975;69.415;70.05;40780530;0
MAGN;D;20211020;000000;70.145;70.195;68.205;69.31;40022280;0
MAGN;D;20211021;000000;69.01;71.385;69.01;70.32;51938290;0
MAGN;D;20211022;000000;70.125;70.815;69.83;70.21;30689110;0
MAGN;D;20211025;000000;71.245;71.25;67.95;68.52;64273370;0
MAGN;D;20211026;000000;68;69.18;67.255;68.5;36171800;0
MAGN;D;20211027;000000;68.685;68.7;67.41;67.51;22741180;0
MAGN;D;20211028;000000;67.305;67.35;65.18;66.305;44442320;0
MAGN;D;20211029;000000;65.87;66.62;64.655;65.93;38002020;0
MAGN;D;20211101;000000;66.3;67.265;65.895;67.165;16500280;0
MAGN;D;20211102;000000;67.2;67.485;65.35;65.43;26557100;0
MAGN;D;20211103;000000;65.21;65.55;64.8;65.155;17142960;0
MAGN;D;20211105;000000;65;65;63.125;63.69;27941440;0
MAGN;D;20211108;000000;63.62;64.475;63.62;64.3;18460450;0
MAGN;D;20211109;000000;64.59;65.94;63.75;64.6;28962660;0
MAGN;D;20211110;000000;64.6;65.125;63.5;63.85;18978100;0
MAGN;D;20211111;000000;64.02;64.285;63.35;64.015;19636090;0
MAGN;D;20211112;000000;63.85;64.22;62.615;63.555;21339200;0
MAGN;D;20211115;000000;63.47;63.98;62.8;62.98;29902030;0
MAGN;D;20211116;000000;63.01;63.295;61.67;61.86;37441470;0
MAGN;D;20211117;000000;61.8;62.36;61.445;62.055;18959790;0
MAGN;D;20211118;000000;62.24;65.385;61.975;65.27;55716560;0
MAGN;D;20211119;000000;65.485;65.63;62.68;64.125;35653870;0
MAGN;D;20211122;000000;64.2;64.2;62.125;62.435;23644930;0
MAGN;D;20211123;000000;62.205;63.385;60.61;63.135;56668270;0
MAGN;D;20211124;000000;63.425;63.485;62.325;62.43;16860710;0
MAGN;D;20211125;000000;62.81;63.2;62.58;62.86;7647390;0
MAGN;D;20211126;000000;61.5;62.38;61.1;61.16;17041710;0
MAGN;D;20211129;000000;62;62.2;60.88;61.195;28568260;0
MAGN;D;20211130;000000;59.9;60.795;58.815;59.66;41428540;0
MAGN;D;20211201;000000;60.2;60.88;59.325;60.2;37790730;0
MAGN;D;20211202;000000;60.67;62.68;60.125;62.485;30534240;0
MAGN;D;20211203;000000;62.695;63.165;62.335;62.45;26474330;0
MAGN;D;20211206;000000;62.685;63.665;60.83;61.545;18216810;0
MAGN;D;20211207;000000;61.815;62.475;60.9;61.585;21091540;0
MAGN;D;20211208;000000;61.9;63.15;61.5;62.155;34583860;0
MAGN;D;20211209;000000;62.325;63.945;61.955;63.775;31137790;0
MAGN;D;20211210;000000;63.94;64.44;62.625;64.2;23424880;0
MAGN;D;20211213;000000;64.995;64.995;61.455;61.71;27150200;0
MAGN;D;20211214;000000;61.78;62.77;56.985;61.14;32404370;0
MAGN;D;20211215;000000;61.39;62.95;60.93;62.56;29749000;0
MAGN;D;20211216;000000;63;64.415;62.605;63.405;33579910;0
MAGN;D;20211217;000000;63.245;64.965;63;64.86;22788100;0
MAGN;D;20211220;000000;64.99;65.77;63.805;65.14;25982130;0
MAGN;D;20211221;000000;65.25;66.1;64.5;65.035;22020300;0
MAGN;D;20211222;000000;65.4;66.97;64.8;66.26;21111610;0
MAGN;D;20211223;000000;66.52;67.115;66.05;66.66;20291050;0
MAGN;D;20211224;000000;66.8;67;65.62;66.74;15372820;0
MAGN;D;20211227;000000;66.74;68.4;66.475;68.355;17703240;0
MAGN;D;20211228;000000;68.36;69.73;68.15;69.01;22889180;0
MAGN;D;20211229;000000;69.07;69.2;68.17;68.76;15922160;0
MAGN;D;20211230;000000;68.765;69.96;68.29;69.65;19732760;0
