<TICKER>;<PER>;<DATE>;<TIME>;<OPEN>;<HIGH>;<LOW>;<CLOSE>;<VOL>;<OPENINT>
ROSN;D;20170103;000000;405;425.7;403.6;419.5;5896360;0
ROSN;D;20170104;000000;419;420;403.7;406.4;4162160;0
ROSN;D;20170105;000000;407.5;411.5;396.6;399;4827200;0
ROSN;D;20170106;000000;399;399.75;390.15;392.5;3659820;0
ROSN;D;20170109;000000;393.05;395.95;390.25;394;4478920;0
ROSN;D;20170110;000000;392.1;405.75;392.1;404.4;3735360;0
ROSN;D;20170111;000000;402.65;404.45;392;397.5;6234340;0
ROSN;D;20170112;000000;400.45;400.65;390.45;390.95;5057270;0
ROSN;D;20170113;000000;392;394.95;383.1;388;5325430;0
ROSN;D;20170116;000000;388;395.5;382;392.2;2894390;0
ROSN;D;20170117;000000;393.4;394.4;385.85;391.7;3732920;0
ROSN;D;20170118;000000;392;394.9;385.65;387;4342920;0
ROSN;D;20170119;000000;388;389.25;374.1;380.75;5709260;0
ROSN;D;20170120;000000;380.55;390.75;374.1;387.5;4238610;0
ROSN;D;20170123;000000;387.95;392;381.85;390.2;3541010;0
ROSN;D;20170124;000000;391.65;392.65;386.25;388.15;3030870;0
ROSN;D;20170125;000000;389.5;390.55;381;383.7;4236230;0
ROSN;D;20170126;000000;384;391.7;384;389;5104430;0
ROSN;D;20170127;000000;389;402;387.75;402;8883070;0
ROSN;D;20170130;000000;403;403;395.05;399;2382850;0
ROSN;D;20170131;000000;398;401.45;396.6;400.6;3424030;0
ROSN;D;20170201;000000;400.6;401.5;397.6;401.5;3676070;0
ROSN;D;20170202;000000;401.75;404.85;396.6;397.3;5201720;0
ROSN;D;20170203;000000;398.25;400;396.5;397.85;2202140;0
ROSN;D;20170206;000000;399.95;400.5;390.85;394;3404130;0
ROSN;D;20170207;000000;394;394.6;386.65;389.7;3135520;0
ROSN;D;20170208;000000;387.95;389.6;375.3;378.05;6771980;0
ROSN;D;20170209;000000;378.1;380.3;375;379.8;3082060;0
ROSN;D;20170210;000000;380.5;383.5;376.05;377.6;3668820;0
ROSN;D;20170213;000000;377;382.3;376.25;379;4441580;0
ROSN;D;20170214;000000;378;380.25;367.85;369.85;5507680;0
ROSN;D;20170215;000000;368.6;370.9;360;360;7813980;0
ROSN;D;20170216;000000;360.1;363.65;356.45;362;4864620;0
ROSN;D;20170217;000000;362.5;364.65;352.75;354;5721230;0
ROSN;D;20170220;000000;356.3;356.75;346.8;349;5782220;0
ROSN;D;20170221;000000;349.9;356.5;347.1;354;5779640;0
ROSN;D;20170222;000000;355.05;356.7;345.55;347;5008940;0
ROSN;D;20170224;000000;348.2;349.45;340.3;343;3370080;0
ROSN;D;20170227;000000;345;345;330.4;331.05;8431200;0
ROSN;D;20170228;000000;331;334;326.9;331.1;5923060;0
ROSN;D;20170301;000000;331.1;344.3;331.05;341.8;6015480;0
ROSN;D;20170302;000000;342.95;346.45;336.6;336.6;6287720;0
ROSN;D;20170303;000000;336;342;333.1;336.5;3669640;0
ROSN;D;20170306;000000;336;341.4;332;332;4084910;0
ROSN;D;20170307;000000;332.8;334.65;323.75;329.1;5861710;0
ROSN;D;20170309;000000;324.85;328.1;315.5;318.85;7722560;0
ROSN;D;20170310;000000;319.45;322.55;312.35;315;6764560;0
ROSN;D;20170313;000000;312.85;321.5;312.85;318.25;3931630;0
ROSN;D;20170314;000000;318.5;322.4;312;315.4;5456490;0
ROSN;D;20170315;000000;316.8;320.05;313.5;314.7;4555720;0
ROSN;D;20170316;000000;318.75;319.75;312.9;313.95;8922030;0
ROSN;D;20170317;000000;313.95;320.2;313;314.45;8083440;0
ROSN;D;20170320;000000;315.4;317;309.3;311.15;5653340;0
ROSN;D;20170321;000000;312.1;325.65;311.55;316;11681080;0
ROSN;D;20170322;000000;313.75;320.45;312.85;320.35;7601370;0
ROSN;D;20170323;000000;321.05;324.5;316.5;317.95;4999930;0
ROSN;D;20170324;000000;318;319.8;314.6;315.65;3550490;0
ROSN;D;20170327;000000;315;315;306.75;309.8;5663710;0
ROSN;D;20170328;000000;311.5;315.4;308.45;314.6;4096250;0
ROSN;D;20170329;000000;315.55;322.2;314.1;322.2;5712250;0
ROSN;D;20170330;000000;322;329;321.55;328.7;7520120;0
ROSN;D;20170331;000000;327.2;328.9;323.1;323.5;4443250;0
ROSN;D;20170403;000000;326.1;330.85;323.6;328.4;4376940;0
ROSN;D;20170404;000000;327.2;331.8;325.4;331.7;4104500;0
ROSN;D;20170405;000000;332.45;339.45;332.25;338.2;5789590;0
ROSN;D;20170406;000000;337.1;339.7;335.6;337.95;3272970;0
ROSN;D;20170407;000000;336.85;337.4;330;335.95;5993680;0
ROSN;D;20170410;000000;334.5;335.45;320.05;327.2;7996420;0
ROSN;D;20170411;000000;326;334.15;325.85;330.5;4775500;0
ROSN;D;20170412;000000;331.3;333.95;325;325.1;4118590;0
ROSN;D;20170413;000000;326.8;327.25;319.7;321.9;5606260;0
ROSN;D;20170414;000000;320.1;321;315.1;315.75;1606170;0
ROSN;D;20170417;000000;315;324.25;314.6;323.25;2489170;0
ROSN;D;20170418;000000;325;325.5;316.45;318.4;3462440;0
ROSN;D;20170419;000000;318.4;322.5;315;315.05;4582060;0
ROSN;D;20170420;000000;313.55;317.05;311.75;316.6;3584270;0
ROSN;D;20170421;000000;317;321.45;315;317.4;3417120;0
ROSN;D;20170424;000000;319.35;323.75;317.7;320.3;3991870;0
ROSN;D;20170425;000000;321.4;321.95;317.35;320.15;3139970;0
ROSN;D;20170426;000000;321.9;328.2;320;326.05;4430940;0
ROSN;D;20170427;000000;326;326.4;318;318.35;4368060;0
ROSN;D;20170428;000000;321;322.75;316;317.25;3880800;0
ROSN;D;20170502;000000;317.7;320.75;316;316;4311190;0
ROSN;D;20170503;000000;316.55;317.25;310.55;311.65;4445520;0
ROSN;D;20170504;000000;311.1;315;309.3;310;3802280;0
ROSN;D;20170505;000000;306.3;312.95;306.3;312.45;3036490;0
ROSN;D;20170510;000000;314.5;315.05;309.6;315.05;4133940;0
ROSN;D;20170511;000000;315.5;318.4;310.55;312.35;3432340;0
ROSN;D;20170512;000000;312.3;312.7;307.2;307.5;2890150;0
ROSN;D;20170515;000000;309.85;316.5;309.25;314.15;4077780;0
ROSN;D;20170516;000000;312.9;315.45;310.55;312.9;3002720;0
ROSN;D;20170517;000000;311.9;313.95;309.55;311.55;2575590;0
ROSN;D;20170518;000000;311;312.5;303.1;305;6241390;0
ROSN;D;20170519;000000;307.2;309.5;303.55;306.1;3958170;0
ROSN;D;20170522;000000;307;309;305;307.3;2696520;0
ROSN;D;20170523;000000;307.3;312.5;305.25;312.4;3228830;0
ROSN;D;20170524;000000;312.55;313.85;305.15;307;6854440;0
ROSN;D;20170525;000000;307.75;309;304.25;306.4;4916520;0
ROSN;D;20170526;000000;305.1;305.65;300.85;304;7332890;0
ROSN;D;20170529;000000;302.6;307.5;302.6;307.25;3264510;0
ROSN;D;20170530;000000;307.25;309.8;305;305;5612890;0
ROSN;D;20170531;000000;304.9;306.2;300;301.55;6993020;0
ROSN;D;20170601;000000;301.75;304.75;298.6;301.45;9619170;0
ROSN;D;20170602;000000;300.95;301.95;296.8;301;6306270;0
ROSN;D;20170605;000000;301.95;305;300.25;305;4943300;0
ROSN;D;20170606;000000;304.3;305.75;300.5;302.55;2696890;0
ROSN;D;20170607;000000;302.95;310.8;302.5;308;6672740;0
ROSN;D;20170608;000000;307.5;308.9;300.85;307.5;5870460;0
ROSN;D;20170609;000000;306.3;307.4;302.5;306;3739320;0
ROSN;D;20170613;000000;305.35;312.25;303.3;312.15;5416860;0
ROSN;D;20170614;000000;310.4;314.75;304.1;304.3;7952090;0
ROSN;D;20170615;000000;303.35;304.8;291;301.6;15243460;0
ROSN;D;20170616;000000;302;308.8;300.95;306.5;6051460;0
ROSN;D;20170619;000000;307.15;312;305.9;311;3798810;0
ROSN;D;20170620;000000;311.15;316;308.6;316;6394040;0
ROSN;D;20170621;000000;316.85;321;315.6;318.4;7472980;0
ROSN;D;20170622;000000;317.55;319.55;312.7;319;5850880;0
ROSN;D;20170623;000000;317.75;322.7;317.5;322;3634730;0
ROSN;D;20170626;000000;322.5;323.6;317.15;321;2947570;0
ROSN;D;20170627;000000;320.4;328.1;317.25;327.3;5048020;0
ROSN;D;20170628;000000;326;333.3;324.05;332.4;3991040;0
ROSN;D;20170629;000000;332.55;338;332;333;5309580;0
ROSN;D;20170630;000000;327.3;333.65;323;323;4422590;0
ROSN;D;20170703;000000;325.65;330.8;323;329.4;4404330;0
ROSN;D;20170704;000000;330.5;332.75;328.1;332.4;3047970;0
ROSN;D;20170705;000000;331.95;333.55;326.7;327.2;4013900;0
ROSN;D;20170706;000000;327.8;330.4;320.55;324.5;5524980;0
ROSN;D;20170707;000000;322.05;323.9;317.5;317.8;4404440;0
ROSN;D;20170710;000000;316.2;321.05;315.95;320.5;2385910;0
ROSN;D;20170711;000000;320.9;323;316.65;319.6;2549100;0
ROSN;D;20170712;000000;321;325.65;319.05;320.55;7535710;0
ROSN;D;20170713;000000;321;321.55;316.75;318;2734760;0
ROSN;D;20170714;000000;318;319.55;316.6;318;3446200;0
ROSN;D;20170717;000000;319;319.85;310.75;315.9;6157270;0
ROSN;D;20170718;000000;315.15;317.7;312.75;315.1;4402740;0
ROSN;D;20170719;000000;314.75;318.5;313.8;318.5;2654440;0
ROSN;D;20170720;000000;319;322.5;317;317.85;3491430;0
ROSN;D;20170721;000000;317;318.25;314.05;317.4;2100160;0
ROSN;D;20170724;000000;317.25;317.4;311.4;313.3;2651670;0
ROSN;D;20170725;000000;313.75;315.6;312.15;314.15;2329790;0
ROSN;D;20170726;000000;315.65;318;309.95;310;4228930;0
ROSN;D;20170727;000000;311.2;312.5;309.5;310;1836350;0
ROSN;D;20170728;000000;309.9;310;303.35;305.9;3048510;0
ROSN;D;20170731;000000;307.45;312;304.95;311.3;2485580;0
ROSN;D;20170801;000000;312.1;319.95;312.05;316.1;3785590;0
ROSN;D;20170802;000000;316.55;322.3;314.6;322;8750600;0
ROSN;D;20170803;000000;321.5;323.85;316.25;317;3288190;0
ROSN;D;20170804;000000;317;322.55;314.35;316;5379970;0
ROSN;D;20170807;000000;317.55;318.35;314.85;316.25;2936760;0
ROSN;D;20170808;000000;316.3;317.15;313.65;315;2468690;0
ROSN;D;20170809;000000;314.4;315.3;309.15;309.25;3525810;0
ROSN;D;20170810;000000;310.5;311.4;304.8;305;4361940;0
ROSN;D;20170811;000000;303.45;305.35;301.55;303.95;4112140;0
ROSN;D;20170814;000000;305.35;306.7;303.6;305;1715580;0
ROSN;D;20170815;000000;305;306.05;302;304.9;1668360;0
ROSN;D;20170816;000000;305.65;306.8;300.85;302.05;1900130;0
ROSN;D;20170817;000000;301.65;308.05;300.45;301.75;5225750;0
ROSN;D;20170818;000000;300.95;302.6;299;300.05;2457180;0
ROSN;D;20170821;000000;301.3;302;299.05;301.1;2083520;0
ROSN;D;20170822;000000;301.5;303.6;300.25;300.95;2321990;0
ROSN;D;20170823;000000;300.9;303.75;297.9;303.2;2944650;0
ROSN;D;20170824;000000;303.1;304.3;299.55;301;1962230;0
ROSN;D;20170825;000000;301.2;303.25;300.55;301.5;2046400;0
ROSN;D;20170828;000000;301.55;301.75;299.45;300.95;1379370;0
ROSN;D;20170829;000000;301;301;298.15;301;2169050;0
ROSN;D;20170830;000000;301;307.4;300.4;307;4593300;0
ROSN;D;20170831;000000;306.5;310.2;303.5;304;4428040;0
ROSN;D;20170901;000000;304.55;307.45;302.55;304.1;2483240;0
ROSN;D;20170904;000000;303.25;304.85;301.35;302.6;2316780;0
ROSN;D;20170905;000000;304;305.2;299.65;302.85;3297490;0
ROSN;D;20170906;000000;301.8;303.1;300.25;303;2652900;0
ROSN;D;20170907;000000;303.1;307.95;302.8;306;3859520;0
ROSN;D;20170908;000000;306.2;317.75;306.2;314.95;10731230;0
ROSN;D;20170911;000000;317;317.55;313.7;314.2;5731390;0
ROSN;D;20170912;000000;314.7;315.6;310.5;314.6;5651020;0
ROSN;D;20170913;000000;315;319.9;314.15;314.75;8499780;0
ROSN;D;20170914;000000;314.1;320.7;314;319.3;7450650;0
ROSN;D;20170915;000000;319.3;321.6;317.5;319.7;3770680;0
ROSN;D;20170918;000000;320;321.15;315.45;318;3818520;0
ROSN;D;20170919;000000;317.85;318;312.45;313;3293740;0
ROSN;D;20170920;000000;313.05;315.35;311.3;315;3188820;0
ROSN;D;20170921;000000;314.5;319.4;314.5;316.7;4747290;0
ROSN;D;20170922;000000;316.65;318;314.3;316.7;2388990;0
ROSN;D;20170925;000000;316.55;322.3;315.25;321.55;4940830;0
ROSN;D;20170926;000000;322.4;327.25;322.4;323.45;6957890;0
ROSN;D;20170927;000000;323.05;325.75;321.65;324.5;5311240;0
ROSN;D;20170928;000000;324.85;325.75;321.6;321.9;2773590;0
ROSN;D;20170929;000000;321.9;323.35;318.95;318.95;3628430;0
ROSN;D;20171002;000000;319.15;321;314.1;315;3426860;0
ROSN;D;20171003;000000;316.45;317;314.8;316.15;2642650;0
ROSN;D;20171004;000000;316.45;318.8;315.5;318.3;2923420;0
ROSN;D;20171005;000000;318.8;319.95;316.3;319.95;3093370;0
ROSN;D;20171006;000000;320;321.45;319.15;320.6;2726420;0
ROSN;D;20171009;000000;318.2;320.4;318;319.1;3784010;0
ROSN;D;20171010;000000;319.05;320.1;317.25;319.3;1476770;0
ROSN;D;20171011;000000;318.45;322.6;318.45;320.5;3028370;0
ROSN;D;20171012;000000;321.5;321.6;317.85;319.15;1859830;0
ROSN;D;20171013;000000;319.5;321.5;318.1;320;2218040;0
ROSN;D;20171016;000000;320.3;324.85;319.6;324.85;2582870;0
ROSN;D;20171017;000000;324.7;330.15;323;328;8254240;0
ROSN;D;20171018;000000;327.85;328.4;325.5;326.1;2350090;0
ROSN;D;20171019;000000;326;327;320.1;321.55;2991540;0
ROSN;D;20171020;000000;321.85;322.8;319;321.8;1807060;0
ROSN;D;20171023;000000;321.95;323.55;316.15;316.5;2402820;0
ROSN;D;20171024;000000;316;320;315.15;316.8;1959070;0
ROSN;D;20171025;000000;318.6;318.85;312.55;312.7;2582590;0
ROSN;D;20171026;000000;313.05;314.25;310.15;311.15;2391880;0
ROSN;D;20171027;000000;311.7;322;311.7;322;4231660;0
ROSN;D;20171030;000000;323.6;323.7;319.5;321;2823940;0
ROSN;D;20171031;000000;321;323.55;318.7;318.7;2241020;0
ROSN;D;20171101;000000;320.2;324.75;319.1;323.1;3433800;0
ROSN;D;20171102;000000;323.2;323.2;317.1;318.5;2385820;0
ROSN;D;20171103;000000;319.2;323.5;317.5;317.8;3352570;0
ROSN;D;20171107;000000;323.9;331.4;322.5;329.95;9030110;0
ROSN;D;20171108;000000;329;334.5;327.65;333.05;7019390;0
ROSN;D;20171109;000000;333;336.9;330.5;336.9;8585920;0
ROSN;D;20171110;000000;336.6;336.7;329.05;329.35;5706040;0
ROSN;D;20171113;000000;331.4;331.55;325;325;2424920;0
ROSN;D;20171114;000000;324.55;327;309.5;314.3;9040100;0
ROSN;D;20171115;000000;313.75;314.1;301.3;302.2;6625710;0
ROSN;D;20171116;000000;302.6;307.25;298.65;303.5;5397380;0
ROSN;D;20171117;000000;303.55;306.85;300.7;300.7;5188060;0
ROSN;D;20171120;000000;301.8;305.55;299.5;300.05;3121780;0
ROSN;D;20171121;000000;301.3;303.9;297.25;299.8;5219820;0
ROSN;D;20171122;000000;300.8;302.45;299.55;302;3330020;0
ROSN;D;20171123;000000;302.5;304.25;300.5;302.3;2641850;0
ROSN;D;20171124;000000;302.05;304.7;301.75;303.8;2973750;0
ROSN;D;20171127;000000;303.8;304.2;297.6;299.9;2962940;0
ROSN;D;20171128;000000;299.9;301.9;298.5;301.3;2855340;0
ROSN;D;20171129;000000;301.5;302.95;293.4;294.45;5270020;0
ROSN;D;20171130;000000;294.45;294.5;287;293.6;6058570;0
ROSN;D;20171201;000000;293.5;293.5;287.1;292;3249020;0
ROSN;D;20171204;000000;291;292.75;286;292.7;3187400;0
ROSN;D;20171205;000000;292.1;293.9;287.65;293.4;2931980;0
ROSN;D;20171206;000000;292.8;292.95;289.65;292.4;2550730;0
ROSN;D;20171207;000000;291.75;294.3;289.25;292.5;3193610;0
ROSN;D;20171208;000000;292.6;294.85;291.15;293.75;2478150;0
ROSN;D;20171211;000000;294.2;299.7;294.05;297.55;4676090;0
ROSN;D;20171212;000000;298.3;303.2;296.45;303.1;4400320;0
ROSN;D;20171213;000000;303;304.55;295;298.85;4004260;0
ROSN;D;20171214;000000;298.85;300.7;294.25;300.7;3157940;0
ROSN;D;20171215;000000;300;301.5;296.4;299.65;2775440;0
ROSN;D;20171218;000000;299.55;303.65;296.15;296.5;3488280;0
ROSN;D;20171219;000000;296.5;297.65;292.45;293.65;2874270;0
ROSN;D;20171220;000000;294.85;295.35;290.25;293.3;4089810;0
ROSN;D;20171221;000000;293.55;294.85;291.2;293.8;4647220;0
ROSN;D;20171222;000000;294.6;295.3;292.8;293.75;1791540;0
ROSN;D;20171225;000000;294.2;298.8;294.2;298;1915380;0
ROSN;D;20171226;000000;299.4;299.4;294.55;296.55;1362310;0
ROSN;D;20171227;000000;296.6;297.95;293.35;295.45;2913300;0
ROSN;D;20171228;000000;294.95;295.45;288.55;289.85;2965520;0
ROSN;D;20171229;000000;289.9;292.5;287;291.5;1662220;0
ROSN;D;20180103;000000;292.25;297.95;292.15;297.95;2232020;0
ROSN;D;20180104;000000;298.95;308.25;297.6;307;5762200;0
ROSN;D;20180105;000000;307;313.65;304.65;311.95;4237350;0
ROSN;D;20180109;000000;312.6;316.25;311.15;315.1;4577460;0
ROSN;D;20180110;000000;316.1;319.85;312;317.75;5564030;0
ROSN;D;20180111;000000;317.75;325;316.05;325;4586170;0
ROSN;D;20180112;000000;325.5;326.95;318.55;324.35;5490740;0
ROSN;D;20180115;000000;325;326.7;318.75;319.95;3518870;0
ROSN;D;20180116;000000;320;321.45;314;317.5;4620330;0
ROSN;D;20180117;000000;316;326.5;312.95;326.5;6126070;0
ROSN;D;20180118;000000;326.9;333.35;325.05;333.1;10934640;0
ROSN;D;20180119;000000;332.8;332.95;326.65;328;4224540;0
ROSN;D;20180122;000000;326;332.95;324.4;332.95;4538960;0
ROSN;D;20180123;000000;333.55;336.4;329.2;335;5666010;0
ROSN;D;20180124;000000;334.95;345.85;331.6;344.5;9614780;0
ROSN;D;20180125;000000;347.9;359.3;343.5;351.5;15740420;0
ROSN;D;20180126;000000;350;356.85;346.3;351.8;5869690;0
ROSN;D;20180129;000000;352.5;356.8;346.35;346.35;5209810;0
ROSN;D;20180130;000000;344;352.85;341.5;342.1;6319350;0
ROSN;D;20180131;000000;341.8;347.45;338.5;343.2;5669980;0
ROSN;D;20180201;000000;345;353;344.55;344.95;5355280;0
ROSN;D;20180202;000000;346.5;349;337.25;339.9;5000440;0
ROSN;D;20180205;000000;335.55;340.45;332;338.3;5413920;0
ROSN;D;20180206;000000;332.05;337.25;328.35;330;6219130;0
ROSN;D;20180207;000000;332.4;338.3;332.4;336;5303310;0
ROSN;D;20180208;000000;333.05;335.4;326.6;326.65;4941760;0
ROSN;D;20180209;000000;323;329.5;320.35;324.55;6429030;0
ROSN;D;20180212;000000;328.2;332.65;324.7;325.3;6393160;0
ROSN;D;20180213;000000;325.95;328.05;323.5;325.4;3564370;0
ROSN;D;20180214;000000;326.55;326.95;322.75;326;3791640;0
ROSN;D;20180215;000000;328.5;333.8;324.3;324.3;6019180;0
ROSN;D;20180216;000000;326.95;328.25;323.1;324.2;3708170;0
ROSN;D;20180219;000000;325.7;327.8;322.05;324;1711150;0
ROSN;D;20180220;000000;323.9;325.35;320.55;322;2081750;0
ROSN;D;20180221;000000;321.9;333.5;319.5;333.5;4642740;0
ROSN;D;20180222;000000;331.05;338;329.05;337.3;4431330;0
ROSN;D;20180226;000000;341.85;345.85;340.6;341.8;4590400;0
ROSN;D;20180227;000000;342.5;343.2;336.65;337.5;2477180;0
ROSN;D;20180228;000000;333.5;335.7;329.15;330.5;2911040;0
ROSN;D;20180301;000000;327;327.85;322.1;323.5;3978300;0
ROSN;D;20180302;000000;322.9;324.8;314.6;319.5;6258450;0
ROSN;D;20180305;000000;321.6;324.45;319.3;320.5;3448770;0
ROSN;D;20180306;000000;322.1;324.95;318.05;318.7;3972670;0
ROSN;D;20180307;000000;317.25;317.4;312.2;315;2913810;0
ROSN;D;20180309;000000;314.95;316.45;312.25;313.25;2974960;0
ROSN;D;20180312;000000;314.55;319.55;313.1;314.7;6769100;0
ROSN;D;20180313;000000;314;315.35;312;312;4546780;0
ROSN;D;20180314;000000;311;311.5;307.55;310.35;4873470;0
ROSN;D;20180315;000000;310;316;305.55;314.2;6690690;0
ROSN;D;20180316;000000;315.85;319.45;311.5;319.3;6848630;0
ROSN;D;20180319;000000;321.8;324.6;316;316;8328140;0
ROSN;D;20180320;000000;317;319.25;312.6;317.55;5622870;0
ROSN;D;20180321;000000;317.65;321.5;316;317.5;4980520;0
ROSN;D;20180322;000000;318.6;319.75;315;316.15;3247090;0
ROSN;D;20180323;000000;315.35;315.35;311.25;314.5;3689250;0
ROSN;D;20180326;000000;313.8;314.45;308.05;308.05;3410780;0
ROSN;D;20180327;000000;310.05;311.25;308.15;309.65;2724110;0
ROSN;D;20180328;000000;308.25;310.85;305;308.8;2930120;0
ROSN;D;20180329;000000;310.05;317.5;309.7;316.35;3848480;0
ROSN;D;20180330;000000;317.5;318.1;313.2;313.9;1223700;0
ROSN;D;20180402;000000;314.5;316.85;309.05;309.05;2452220;0
ROSN;D;20180403;000000;309.05;313.85;309.05;313.25;4461740;0
ROSN;D;20180404;000000;313.5;319.95;313.3;319.6;7918150;0
ROSN;D;20180405;000000;321;325.95;320.1;322.65;8052760;0
ROSN;D;20180406;000000;321.9;322.3;318.05;319.6;3621820;0
ROSN;D;20180409;000000;318.1;318.85;281.65;299.5;22425040;0
ROSN;D;20180410;000000;299;313.95;296.4;309;13051680;0
ROSN;D;20180411;000000;309;324;306.9;324;16920630;0
ROSN;D;20180412;000000;324.95;333;316.2;333;18639000;0
ROSN;D;20180413;000000;331.3;331.75;319.8;323;8414940;0
ROSN;D;20180416;000000;317;324.5;315.1;319;3545420;0
ROSN;D;20180417;000000;324;329.5;320.05;329.5;7051100;0
ROSN;D;20180418;000000;329.3;337.85;326;333.1;8288320;0
ROSN;D;20180419;000000;335.25;339;333;337.3;6569130;0
ROSN;D;20180420;000000;336.5;342.45;334.1;338.95;7033820;0
ROSN;D;20180423;000000;339.95;351;336.1;351;8675780;0
ROSN;D;20180424;000000;352.9;362.5;347.8;352.25;9104490;0
ROSN;D;20180425;000000;349.7;370;348.05;370;12084360;0
ROSN;D;20180426;000000;368.1;376;364;375;13914390;0
ROSN;D;20180427;000000;375;380.65;373.5;380;10768550;0
ROSN;D;20180428;000000;379.5;381.15;376;381;1342710;0
ROSN;D;20180430;000000;381.05;388.25;379.15;383;3687340;0
ROSN;D;20180502;000000;390;408.05;389.3;401.05;13341560;0
ROSN;D;20180503;000000;400.05;400.9;386.1;387.15;9673410;0
ROSN;D;20180504;000000;388;394.95;385.05;386.75;4935000;0
ROSN;D;20180507;000000;390;398.95;387.5;388.25;5697830;0
ROSN;D;20180508;000000;388.35;394.55;385.8;393.05;5798310;0
ROSN;D;20180510;000000;400;400;393.2;395.7;3784410;0
ROSN;D;20180511;000000;393.2;403.75;392.45;401.45;6064050;0
ROSN;D;20180514;000000;402;404.5;397.45;403.55;2984860;0
ROSN;D;20180515;000000;402;402;392;394.85;4699950;0
ROSN;D;20180516;000000;395.5;398;388.65;389.8;4060930;0
ROSN;D;20180517;000000;391.95;392.05;381.85;381.85;4209030;0
ROSN;D;20180518;000000;382;389.7;380.1;387;3237250;0
ROSN;D;20180521;000000;387.95;391.55;385.45;386.9;2367900;0
ROSN;D;20180522;000000;387.5;388.35;381.5;385.55;2431880;0
ROSN;D;20180523;000000;384.65;384.7;376.05;377.7;4111650;0
ROSN;D;20180524;000000;379.2;381.5;374.25;378;4302720;0
ROSN;D;20180525;000000;378.2;379.45;374.7;378.3;2793010;0
ROSN;D;20180528;000000;376.6;379.65;374.25;379.55;1558470;0
ROSN;D;20180529;000000;378.85;383.5;376.55;383;3487340;0
ROSN;D;20180530;000000;382.5;383.8;379;381.05;2575260;0
ROSN;D;20180531;000000;381.5;386;381.1;385.3;3912500;0
ROSN;D;20180601;000000;384.2;386.75;381.65;382.55;1964460;0
ROSN;D;20180604;000000;383.5;387.75;382.85;384.9;1335330;0
ROSN;D;20180605;000000;383.25;386.35;371.4;381.95;22365300;0
ROSN;D;20180606;000000;382.7;382.75;377.1;380.8;2338250;0
ROSN;D;20180607;000000;382;384;380.05;380.05;2228290;0
ROSN;D;20180608;000000;380.5;383.75;378.45;381;4781700;0
ROSN;D;20180609;000000;381.7;382.95;381.05;382.15;231600;0
ROSN;D;20180611;000000;382.8;386.5;378.85;384.55;1725040;0
ROSN;D;20180613;000000;385.4;386.9;381.2;382;2484080;0
ROSN;D;20180614;000000;383.8;383.8;377.3;381.7;2809730;0
ROSN;D;20180615;000000;381.45;384.5;379;383.25;4633410;0
ROSN;D;20180618;000000;381.85;389.5;379.4;387;4061820;0
ROSN;D;20180619;000000;386.5;393.6;383.25;392.35;5227340;0
ROSN;D;20180620;000000;393.1;395.9;387.7;390.2;3966110;0
ROSN;D;20180621;000000;390;395.15;387.05;392.75;4106180;0
ROSN;D;20180622;000000;393.5;395.4;388.45;390.8;3212620;0
ROSN;D;20180625;000000;390;399.65;388.7;393.95;2707500;0
ROSN;D;20180626;000000;395;397.35;388.7;389.3;2825190;0
ROSN;D;20180627;000000;390.25;396.5;387.7;394.6;3046940;0
ROSN;D;20180628;000000;395;399.85;394;396.5;3639810;0
ROSN;D;20180629;000000;391.1;396.2;391.05;396.15;2783110;0
ROSN;D;20180702;000000;394.5;398.8;392.5;394.7;2677000;0
ROSN;D;20180703;000000;393.95;394.7;388.35;389.95;2404620;0
ROSN;D;20180704;000000;391;393.75;388.35;393.25;1735390;0
ROSN;D;20180705;000000;392.9;406.05;391.95;406.05;3870030;0
ROSN;D;20180706;000000;405.05;405.05;398.8;403.4;2324820;0
ROSN;D;20180709;000000;402.4;410.45;402.4;408.15;2545920;0
ROSN;D;20180710;000000;410.8;419;407.25;413.2;5875760;0
ROSN;D;20180711;000000;412;414.15;407.15;409.85;3955770;0
ROSN;D;20180712;000000;407;408.45;399.6;406.45;3588540;0
ROSN;D;20180713;000000;407;412;403.45;406.9;2574640;0
ROSN;D;20180716;000000;406.8;411.9;404;407.3;2911940;0
ROSN;D;20180717;000000;406.5;406.5;398.15;399.5;2712430;0
ROSN;D;20180718;000000;400.95;402.2;396.7;400.9;2846350;0
ROSN;D;20180719;000000;401.1;403.3;397.2;400.5;1424950;0
ROSN;D;20180720;000000;401.55;401.55;391.1;393.25;2726380;0
ROSN;D;20180723;000000;394.25;396.35;391.4;394.5;1390630;0
ROSN;D;20180724;000000;394.7;395.1;390.35;394.9;1316730;0
ROSN;D;20180725;000000;392.5;396.55;390.85;395.8;1788150;0
ROSN;D;20180726;000000;396;400;393.85;397.35;1638900;0
ROSN;D;20180727;000000;397.35;404.4;397.35;403.5;2318520;0
ROSN;D;20180730;000000;400.3;407;399;406.45;1641700;0
ROSN;D;20180731;000000;407;419;405.6;419;4504090;0
ROSN;D;20180801;000000;418.95;419.8;412.1;416.6;3024390;0
ROSN;D;20180802;000000;416.95;419.45;413.65;416.8;2388420;0
ROSN;D;20180803;000000;416.7;416.7;407.2;411.25;2831870;0
ROSN;D;20180806;000000;412.55;422.6;412.5;419.35;4759030;0
ROSN;D;20180807;000000;420.95;432.45;420.6;427.9;9945010;0
ROSN;D;20180808;000000;427;430;418.8;429;4131460;0
ROSN;D;20180809;000000;427.5;432.3;424.3;432.3;3231570;0
ROSN;D;20180810;000000;429.2;441.15;429.2;433.25;4115890;0
ROSN;D;20180813;000000;430.3;439.95;429;437.2;3684080;0
ROSN;D;20180814;000000;439.75;442;430;431.3;2621040;0
ROSN;D;20180815;000000;430;433.25;425.05;428.55;3823470;0
ROSN;D;20180816;000000;428.55;430;422.1;422.3;2658400;0
ROSN;D;20180817;000000;423;427.85;421;425.8;2124680;0
ROSN;D;20180820;000000;418.05;429.9;418.05;427;1112730;0
ROSN;D;20180821;000000;429;434;425.85;434;2407720;0
ROSN;D;20180822;000000;434.5;440;432.4;437.3;2394360;0
ROSN;D;20180823;000000;437.8;441.25;426.25;430;2426110;0
ROSN;D;20180824;000000;432;432;425;428.1;2826300;0
ROSN;D;20180827;000000;429.25;434.75;426.5;434.75;1689290;0
ROSN;D;20180828;000000;435;437.95;432.15;436;2271780;0
ROSN;D;20180829;000000;436.2;444.95;435.35;440.5;2671530;0
ROSN;D;20180830;000000;444.3;444.3;435;437;2556860;0
ROSN;D;20180831;000000;435;438.25;430.95;435.7;2589720;0
ROSN;D;20180903;000000;435.7;439.7;432.4;438.75;1178880;0
ROSN;D;20180904;000000;439;444.85;436.85;439.35;1614480;0
ROSN;D;20180905;000000;438.15;440.5;434.45;434.5;1820600;0
ROSN;D;20180906;000000;435.5;439;433.2;436.05;1683090;0
ROSN;D;20180907;000000;435.1;441.55;432.4;439.55;1629820;0
ROSN;D;20180910;000000;438.95;449.45;438.95;449.45;2122830;0
ROSN;D;20180911;000000;450;451.35;446;448.8;2337800;0
ROSN;D;20180912;000000;449.5;453.35;441.15;444.9;3877350;0
ROSN;D;20180913;000000;445.45;445.85;438.5;442.4;1911460;0
ROSN;D;20180914;000000;441.25;443.7;437.85;441.35;2120550;0
ROSN;D;20180917;000000;442.7;445;437.55;441.3;2204430;0
ROSN;D;20180918;000000;440.85;442;435.75;440.4;2488300;0
ROSN;D;20180919;000000;440.85;442.75;436.8;437.85;2328070;0
ROSN;D;20180920;000000;438.3;444.85;438;438.7;5952670;0
ROSN;D;20180921;000000;439.75;443.9;434.45;440.4;4403540;0
ROSN;D;20180924;000000;442.05;449.4;440.45;447.05;3194840;0
ROSN;D;20180925;000000;449.9;460.35;446.55;460;4021640;0
ROSN;D;20180926;000000;460;464.5;454.7;458.5;4067720;0
ROSN;D;20180927;000000;458;478;456.7;478;5731410;0
ROSN;D;20180928;000000;478.95;495;476.45;493;8520850;0
ROSN;D;20181001;000000;496;499;487.8;494.05;3755170;0
ROSN;D;20181002;000000;497;498.8;489;491.4;2803520;0
ROSN;D;20181003;000000;492.1;512.25;491.5;512;6132650;0
ROSN;D;20181004;000000;512;522.8;500.85;508.2;7284010;0
ROSN;D;20181005;000000;506;516;498.35;503;4826790;0
ROSN;D;20181008;000000;490.45;492.45;478.05;479.45;5023270;0
ROSN;D;20181009;000000;481.75;483.7;473.1;473.1;4152170;0
ROSN;D;20181010;000000;473.3;475.8;466.7;468.75;4822860;0
ROSN;D;20181011;000000;462;467.05;458.15;462.55;4442520;0
ROSN;D;20181012;000000;464.6;468.75;463.65;465.1;2783170;0
ROSN;D;20181015;000000;468.25;469.25;460.2;462.05;1806370;0
ROSN;D;20181016;000000;462.5;472;462;468.7;2713340;0
ROSN;D;20181017;000000;470.15;472.9;466;467.85;3921870;0
ROSN;D;20181018;000000;467.3;469.5;462.65;466.6;2028930;0
ROSN;D;20181019;000000;465.1;474.3;464.6;467;2750830;0
ROSN;D;20181022;000000;468.95;473.65;463.6;465.3;2575220;0
ROSN;D;20181023;000000;464;464.9;450.3;455;4363010;0
ROSN;D;20181024;000000;456;468.1;455.25;463.5;3134510;0
ROSN;D;20181025;000000;461.95;463;453.5;458.4;3094960;0
ROSN;D;20181026;000000;458.4;458.65;448.9;453.3;2886060;0
ROSN;D;20181029;000000;454.05;459.95;453.05;458.5;1752560;0
ROSN;D;20181030;000000;457.9;461.7;443.05;453.7;2312890;0
ROSN;D;20181031;000000;457;467;456.2;460.45;4348090;0
ROSN;D;20181101;000000;459.8;463.95;455.5;460;3202360;0
ROSN;D;20181102;000000;460.55;462.25;456.75;459.6;3222640;0
ROSN;D;20181106;000000;462.1;484.35;461.7;482.45;6370460;0
ROSN;D;20181107;000000;482.75;487.85;478.7;484.1;3112250;0
ROSN;D;20181108;000000;484;485;473.4;475;3523150;0
ROSN;D;20181109;000000;471.05;474.25;465;468.6;4253200;0
ROSN;D;20181112;000000;473;475.6;462.5;463.5;2423720;0
ROSN;D;20181113;000000;461.7;462.7;443.6;443.6;7991810;0
ROSN;D;20181114;000000;439.85;441.6;425.5;427.15;11455890;0
ROSN;D;20181115;000000;429.05;430.7;421.85;424.25;5447170;0
ROSN;D;20181116;000000;426.25;428.65;420.5;420.85;5137480;0
ROSN;D;20181119;000000;422.15;425.85;421.2;424.1;4576970;0
ROSN;D;20181120;000000;423.35;423.45;412.25;413.55;7946890;0
ROSN;D;20181121;000000;410.65;416;409;411.85;4504550;0
ROSN;D;20181122;000000;411.8;414.25;408.1;411.1;2552040;0
ROSN;D;20181123;000000;408.95;410.75;401.25;405.2;7514900;0
ROSN;D;20181126;000000;405.8;415.15;397.25;407;7420020;0
ROSN;D;20181127;000000;408.7;420.1;408;419.8;3654450;0
ROSN;D;20181128;000000;418.8;425.85;418.7;421.45;4146310;0
ROSN;D;20181129;000000;419.55;424.6;412.5;417;5351360;0
ROSN;D;20181130;000000;416.95;424.4;414.4;423.1;3386930;0
ROSN;D;20181203;000000;436.2;439.9;429.25;434;6694560;0
ROSN;D;20181204;000000;434;440.55;433.25;439;3083270;0
ROSN;D;20181205;000000;434.95;439;430;439;2532770;0
ROSN;D;20181206;000000;436;438.4;422.55;430;4348890;0
ROSN;D;20181207;000000;429.4;442.05;429.15;439;5140220;0
ROSN;D;20181210;000000;437;441;424.3;428.5;4018620;0
ROSN;D;20181211;000000;428.5;429.5;421.5;425.55;3679440;0
ROSN;D;20181212;000000;426.05;428.05;419.15;422;4551590;0
ROSN;D;20181213;000000;423;423;414;415.75;4855500;0
ROSN;D;20181214;000000;415.1;422.3;414.35;418;3239920;0
ROSN;D;20181217;000000;417.9;421.5;414;416;2517430;0
ROSN;D;20181218;000000;413;414.85;407.15;412.15;5463430;0
ROSN;D;20181219;000000;407;418.2;406.5;418.2;3986040;0
ROSN;D;20181220;000000;414;416.8;410.1;415.6;3349850;0
ROSN;D;20181221;000000;412.9;416.3;405.05;415;3699200;0
ROSN;D;20181224;000000;414.9;419.2;412.45;414;1487750;0
ROSN;D;20181225;000000;411;411.3;401.85;409;1858760;0
ROSN;D;20181226;000000;409.1;414.5;409.1;414.5;1056080;0
ROSN;D;20181227;000000;420;421.35;416.35;420.5;6479390;0
ROSN;D;20181228;000000;423;428.25;421.7;425.95;2609310;0
ROSN;D;20181229;000000;426.7;432.5;421.4;432.5;940940;0
ROSN;D;20190103;000000;429.15;429.8;422.4;425.85;1528310;0
ROSN;D;20190104;000000;427.1;439;426.2;430.4;1635750;0
ROSN;D;20190108;000000;427;427;420.65;423.6;2052160;0
ROSN;D;20190109;000000;425;428.9;425;427.7;2413050;0
ROSN;D;20190110;000000;427.75;433;424;432.1;2493560;0
ROSN;D;20190111;000000;432;435.3;430.2;434.6;2839110;0
ROSN;D;20190114;000000;434.05;434.05;424.85;427.9;2358220;0
ROSN;D;20190115;000000;428.6;431.35;421.3;424.35;2863880;0
ROSN;D;20190116;000000;424.45;426.9;420;421;3091660;0
ROSN;D;20190117;000000;422;422.45;414.2;415.9;3468970;0
ROSN;D;20190118;000000;419.05;421.95;416.35;419.7;4510760;0
ROSN;D;20190121;000000;421.1;424.8;418.95;422.3;2613040;0
ROSN;D;20190122;000000;419.8;421.05;413;416.9;4536990;0
ROSN;D;20190123;000000;417;421.25;416.2;419.9;3021470;0
ROSN;D;20190124;000000;417.8;417.8;405.6;408.5;10537210;0
ROSN;D;20190125;000000;408.3;414.3;404.6;414;4986550;0
ROSN;D;20190128;000000;412.8;412.9;408.85;411.2;3322570;0
ROSN;D;20190129;000000;410;413.65;406.3;412.9;4411530;0
ROSN;D;20190130;000000;412.85;417.15;411.15;415.8;3540780;0
ROSN;D;20190131;000000;417.5;418.6;411.25;411.25;3428170;0
ROSN;D;20190201;000000;410.55;414.85;407;411.95;3011440;0
ROSN;D;20190204;000000;412.95;414.4;411;411;3375440;0
ROSN;D;20190205;000000;411.95;429.75;409.7;428.5;10446570;0
ROSN;D;20190206;000000;429.45;429.45;421.1;421.55;4283520;0
ROSN;D;20190207;000000;420.1;423.9;411.45;411.55;3473380;0
ROSN;D;20190208;000000;410.95;414.75;408.5;411.6;2342100;0
ROSN;D;20190211;000000;412;418.75;410.5;410.5;3471100;0
ROSN;D;20190212;000000;410.5;417.95;410.2;414.5;3933830;0
ROSN;D;20190213;000000;414.95;416.15;401.5;401.6;7221730;0
ROSN;D;20190214;000000;394.65;399.6;390.75;394.85;8167130;0
ROSN;D;20190215;000000;397;405.35;397;403.5;4641740;0
ROSN;D;20190218;000000;403.55;407.75;398.7;405;3510240;0
ROSN;D;20190219;000000;404.8;408.35;399.8;402.95;3370750;0
ROSN;D;20190220;000000;403.15;405;400.15;402.9;2778420;0
ROSN;D;20190221;000000;403.3;404.8;395;396.45;3206940;0
ROSN;D;20190222;000000;396.45;402.5;394.4;401.5;2842690;0
ROSN;D;20190225;000000;400.45;404.15;395.15;396.5;3768150;0
ROSN;D;20190226;000000;394.95;399.4;392.7;399;3097610;0
ROSN;D;20190227;000000;400;401;397.65;400.4;3544000;0
ROSN;D;20190228;000000;398.85;400.95;395.5;398.8;2299210;0
ROSN;D;20190301;000000;399.9;400.95;396;398.25;1805370;0
ROSN;D;20190304;000000;399.4;400.5;396.95;398.05;1579050;0
ROSN;D;20190305;000000;397;399.55;395.9;395.9;1867250;0
ROSN;D;20190306;000000;397.15;403;394.55;402.3;2700450;0
ROSN;D;20190307;000000;402;402.85;398.7;402;2350970;0
ROSN;D;20190311;000000;401.9;401.95;397.55;399.75;1870450;0
ROSN;D;20190312;000000;400;400.35;395;397.5;3280860;0
ROSN;D;20190313;000000;397.5;400.1;395.6;400;2548640;0
ROSN;D;20190314;000000;400.3;407.8;398.3;398.3;5183580;0
ROSN;D;20190315;000000;401;402.5;397.4;401.25;3595160;0
ROSN;D;20190318;000000;399.7;399.7;396.2;399;2672370;0
ROSN;D;20190319;000000;399;399.85;396.8;399;1928620;0
ROSN;D;20190320;000000;399.45;408.5;396.8;408.5;4050750;0
ROSN;D;20190321;000000;408;410.45;405.65;409.5;5261910;0
ROSN;D;20190322;000000;409.9;410.7;405.7;408.4;2430970;0
ROSN;D;20190325;000000;405.95;405.95;400;404.25;3308140;0
ROSN;D;20190326;000000;404;409.7;402.15;405.2;2012970;0
ROSN;D;20190327;000000;405.55;408;402.55;404.35;2753970;0
ROSN;D;20190328;000000;404.55;409.3;404;407.5;1844000;0
ROSN;D;20190329;000000;407.75;412.9;406.05;412;4653870;0
ROSN;D;20190401;000000;413;421.25;411.9;419.7;5034740;0
ROSN;D;20190402;000000;420;423.2;416.6;418;2465170;0
ROSN;D;20190403;000000;419.5;421.7;417.3;417.95;2227390;0
ROSN;D;20190404;000000;418.1;423.75;416.95;422.45;2644330;0
ROSN;D;20190405;000000;422.85;425.75;421.1;421.5;2538520;0
ROSN;D;20190408;000000;423;425.4;418.2;420.9;2946680;0
ROSN;D;20190409;000000;422;423.85;413.6;415.9;4284580;0
ROSN;D;20190410;000000;415.05;425.5;413.85;425.5;3227420;0
ROSN;D;20190411;000000;425.5;436.25;424;431;5982950;0
ROSN;D;20190412;000000;433;437.25;430;432.5;3762950;0
ROSN;D;20190415;000000;432;434.9;426.4;428.9;2863880;0
ROSN;D;20190416;000000;430;436.7;428.55;435.15;5174360;0
ROSN;D;20190417;000000;437.4;441;435.75;436.5;3565870;0
ROSN;D;20190418;000000;435.65;437.75;432.55;435.65;2379960;0
ROSN;D;20190419;000000;437;437;431.1;432;1165030;0
ROSN;D;20190422;000000;434.75;440.95;432.95;439.6;2388950;0
ROSN;D;20190423;000000;440.95;449;437.7;441;5910290;0
ROSN;D;20190424;000000;442;442;436.7;441.3;3294060;0
ROSN;D;20190425;000000;441;441.2;432.95;436;3592700;0
ROSN;D;20190426;000000;435.1;435.35;428.05;434.45;3697730;0
ROSN;D;20190429;000000;433;435.75;429.5;433.7;1594870;0
ROSN;D;20190430;000000;433.95;434.4;426.8;428.8;3576650;0
ROSN;D;20190502;000000;427.75;427.8;421.8;423.25;2999910;0
ROSN;D;20190503;000000;425.15;427.6;421.8;423.55;1613880;0
ROSN;D;20190506;000000;421.2;425.4;418;425;1441260;0
ROSN;D;20190507;000000;426.75;427.25;416.9;422;2872860;0
ROSN;D;20190508;000000;421.5;423.8;418.05;420.4;2247390;0
ROSN;D;20190510;000000;420;423.15;413.55;413.75;2171810;0
ROSN;D;20190513;000000;415;423.05;414.25;417.2;3855490;0
ROSN;D;20190514;000000;420;422.8;419.55;420.95;3202400;0
ROSN;D;20190515;000000;421.85;421.85;413.1;413.7;3827440;0
ROSN;D;20190516;000000;413.7;415.4;410.6;412;3757280;0
ROSN;D;20190517;000000;411;415.6;410.6;413;2424170;0
ROSN;D;20190520;000000;414.4;415.45;408.1;408.2;2272060;0
ROSN;D;20190521;000000;409.35;420;408;415.95;3933530;0
ROSN;D;20190522;000000;416.5;420.35;413.6;414;3103260;0
ROSN;D;20190523;000000;413.65;420;411.8;417.05;3869040;0
ROSN;D;20190524;000000;418.1;427.85;417.3;423;3384130;0
ROSN;D;20190527;000000;422;426.55;422;425.4;740780;0
ROSN;D;20190528;000000;423.9;435.75;423.9;431.8;7557090;0
ROSN;D;20190529;000000;429;437;426.8;437;4761820;0
ROSN;D;20190530;000000;440;440.95;437;439;3440340;0
ROSN;D;20190531;000000;436.5;438.1;428.3;433;4372670;0
ROSN;D;20190603;000000;428;438.9;424.35;438.9;6040470;0
ROSN;D;20190604;000000;438.3;445.05;433.5;435;6013530;0
ROSN;D;20190605;000000;436;436;425.65;426.2;2888490;0
ROSN;D;20190606;000000;427;428.4;419.6;422.9;4404110;0
ROSN;D;20190607;000000;425.4;426.55;419.3;419.55;5214090;0
ROSN;D;20190610;000000;421.7;424.25;420.1;422;2621260;0
ROSN;D;20190611;000000;421.95;425.5;420.75;422.9;3842630;0
ROSN;D;20190613;000000;421.35;425.6;420.15;422;4950130;0
ROSN;D;20190614;000000;414.8;416.65;408;408;6848050;0
ROSN;D;20190617;000000;409.55;415;407.8;408.1;5217150;0
ROSN;D;20190618;000000;408.5;411.7;407.1;411.7;4615800;0
ROSN;D;20190619;000000;411.95;412.75;408;409.25;3491600;0
ROSN;D;20190620;000000;411.1;419.75;409.45;419.75;8955030;0
ROSN;D;20190621;000000;419.2;420;414.55;419.1;5271740;0
ROSN;D;20190624;000000;419;420.75;415.5;416.45;2977930;0
ROSN;D;20190625;000000;415;415.6;410.4;412.15;2606180;0
ROSN;D;20190626;000000;413.1;417.8;412.55;415.9;3638530;0
ROSN;D;20190627;000000;417.05;418.4;412.75;415.1;2667080;0
ROSN;D;20190628;000000;415;415.5;412.6;414.5;1938710;0
ROSN;D;20190701;000000;417.5;422.8;416.3;417.8;4092820;0
ROSN;D;20190702;000000;417.85;420.15;415.1;417;2098800;0
ROSN;D;20190703;000000;416.9;422.2;414.75;420;2701800;0
ROSN;D;20190704;000000;421.8;422.85;417.85;422.55;1742000;0
ROSN;D;20190705;000000;422.9;424.55;416.3;418.65;3418740;0
ROSN;D;20190708;000000;417.95;421.9;417.2;419.25;2714100;0
ROSN;D;20190709;000000;419.1;424.5;419.1;420.95;2214720;0
ROSN;D;20190710;000000;421.75;425.9;419.2;423.25;3318820;0
ROSN;D;20190711;000000;425.1;425.1;417.3;418.4;2989220;0
ROSN;D;20190712;000000;418.4;421.3;415.05;419.25;2003650;0
ROSN;D;20190715;000000;421.3;422.3;418.2;418.4;1285620;0
ROSN;D;20190716;000000;417.9;420.8;417.85;420.4;1176960;0
ROSN;D;20190717;000000;418.55;421.1;416.5;421.1;2398020;0
ROSN;D;20190718;000000;420.35;421.25;416.7;417;1905000;0
ROSN;D;20190719;000000;418.75;420.65;418.1;420.45;1177370;0
ROSN;D;20190722;000000;416;423.95;415.25;420.45;1600980;0
ROSN;D;20190723;000000;420.75;431.15;420.6;428;3622760;0
ROSN;D;20190724;000000;428.6;429.85;426.1;427.6;1613330;0
ROSN;D;20190725;000000;428.45;429.45;425.6;428.95;2177790;0
ROSN;D;20190726;000000;428.95;429.85;423.5;423.5;2319080;0
ROSN;D;20190729;000000;424.1;425.5;420.05;421.9;1384360;0
ROSN;D;20190730;000000;422.8;423.1;418.15;420.45;1120510;0
ROSN;D;20190731;000000;420.5;422.7;418.7;421.95;1657620;0
ROSN;D;20190801;000000;419.5;421.1;417.2;419.4;1575940;0
ROSN;D;20190802;000000;416.9;418;411.75;411.75;4972330;0
ROSN;D;20190805;000000;411.5;413.85;405.7;406.3;4653170;0
ROSN;D;20190806;000000;407.05;412.35;406.55;412;4026310;0
ROSN;D;20190807;000000;411.05;411.45;405.35;406.55;4885090;0
ROSN;D;20190808;000000;408.1;409.6;406.6;406.6;2687430;0
ROSN;D;20190809;000000;407.5;407.95;404.3;404.6;2509270;0
ROSN;D;20190812;000000;405;407.3;401.4;402.4;3542730;0
ROSN;D;20190813;000000;402.4;408.45;400.7;405.3;3677470;0
ROSN;D;20190814;000000;406;407;397.7;400.15;5310260;0
ROSN;D;20190815;000000;402.2;405.2;400.05;404.25;3263050;0
ROSN;D;20190816;000000;405.55;406.8;404;404.75;2538360;0
ROSN;D;20190819;000000;406.45;407.85;402.3;404;4333690;0
ROSN;D;20190820;000000;405.45;409.95;404.75;407.9;4483930;0
ROSN;D;20190821;000000;416.95;416.95;410;410.4;5199950;0
ROSN;D;20190822;000000;410.4;411.65;406;406;3206680;0
ROSN;D;20190823;000000;407.3;408.35;404.4;405.6;3170390;0
ROSN;D;20190826;000000;403;406.95;402.95;405.7;1692070;0
ROSN;D;20190827;000000;406.5;406.5;403.1;406.5;4854590;0
ROSN;D;20190828;000000;406.45;406.8;403.8;404.8;3728780;0
ROSN;D;20190829;000000;405;408;404.8;406.25;3324820;0
ROSN;D;20190830;000000;406.45;409.35;405.7;406.95;3442290;0
ROSN;D;20190902;000000;407;413.2;406;412;5187190;0
ROSN;D;20190903;000000;411.85;412;406.95;410.4;3651670;0
ROSN;D;20190904;000000;411.5;415.9;411.35;414.65;4088810;0
ROSN;D;20190905;000000;416.5;420.55;414.65;418.3;4868480;0
ROSN;D;20190906;000000;418.05;422.9;415.9;422.9;3775590;0
ROSN;D;20190909;000000;424;424.45;420.7;423.9;2421150;0
ROSN;D;20190910;000000;423.8;423.85;416.15;418;4492560;0
ROSN;D;20190911;000000;417.1;419.45;413.65;416.1;3555070;0
ROSN;D;20190912;000000;416.15;417.3;409.4;412.05;5524440;0
ROSN;D;20190913;000000;412;412.8;408.85;410.05;2434620;0
ROSN;D;20190916;000000;418.5;431.3;415.05;429.7;17572690;0
ROSN;D;20190917;000000;431.85;440.9;424;428.1;15588740;0
ROSN;D;20190918;000000;428.5;429.7;423.5;426;4412450;0
ROSN;D;20190919;000000;425;428.8;424.55;427;4783790;0
ROSN;D;20190920;000000;426.8;428.3;425.05;428.3;3070370;0
ROSN;D;20190923;000000;428.3;430;423.7;428.75;4889900;0
ROSN;D;20190924;000000;431.05;431.5;423.6;425.5;4074760;0
ROSN;D;20190925;000000;424.4;424.65;421.85;424.5;3854470;0
ROSN;D;20190926;000000;424.55;425.95;422.05;422.55;2115790;0
ROSN;D;20190927;000000;422.5;424.75;422.2;422.5;1732210;0
ROSN;D;20190930;000000;422.2;422.5;419.3;419.3;2334340;0
ROSN;D;20191001;000000;420.35;423.25;419.9;420.65;2434990;0
ROSN;D;20191002;000000;420.65;422.25;415.8;417.55;3423590;0
ROSN;D;20191003;000000;416.75;417.8;410.7;413.1;3801380;0
ROSN;D;20191004;000000;415.3;419.2;413.1;415;2914480;0
ROSN;D;20191007;000000;416.7;422.9;414.55;418.5;3432460;0
ROSN;D;20191008;000000;418.85;421.9;418.6;419.5;2641420;0
ROSN;D;20191009;000000;420.35;422;419.3;421.15;2802010;0
ROSN;D;20191010;000000;409.95;411.6;407.05;409;5087850;0
ROSN;D;20191011;000000;410.75;412.7;409.6;411.65;3582330;0
ROSN;D;20191014;000000;411.65;414;410.25;413.4;1960300;0
ROSN;D;20191015;000000;412.45;413.6;411.1;411.65;2025340;0
ROSN;D;20191016;000000;413;415.5;410.3;414.95;3092880;0
ROSN;D;20191017;000000;414.9;418.6;413.2;417.65;2951090;0
ROSN;D;20191018;000000;417.65;417.7;414.15;415;1751370;0
ROSN;D;20191021;000000;415;415.5;411.5;413.75;2603480;0
ROSN;D;20191022;000000;413.45;417.4;412.55;417.4;3475400;0
ROSN;D;20191023;000000;415.9;420.75;415.2;420;4108860;0
ROSN;D;20191024;000000;420;422.5;419.3;420.5;3998420;0
ROSN;D;20191025;000000;421;422.35;417.7;421.35;2473210;0
ROSN;D;20191028;000000;422.2;424.3;420;421.4;2122390;0
ROSN;D;20191029;000000;421.4;430.45;419.1;429.2;5713870;0
ROSN;D;20191030;000000;428.75;433.5;425.7;432.65;4624480;0
ROSN;D;20191031;000000;432.5;435.5;426;426;3477500;0
ROSN;D;20191101;000000;426.5;435.4;424;434.4;5003510;0
ROSN;D;20191105;000000;437.8;453.45;434.45;451.4;8677320;0
ROSN;D;20191106;000000;452.05;454.5;443.35;454.5;9041070;0
ROSN;D;20191107;000000;452;464.7;450.45;463.5;5957260;0
ROSN;D;20191108;000000;462;462.85;453.65;454.25;4171670;0
ROSN;D;20191111;000000;453.05;453.85;446.4;453;3220850;0
ROSN;D;20191112;000000;454;468.3;453.2;461.05;7240110;0
ROSN;D;20191113;000000;458.1;461.45;455.1;459.5;3554510;0
ROSN;D;20191114;000000;459.2;460.2;451.7;457.3;4477310;0
ROSN;D;20191115;000000;457.3;460.7;453.7;458;3003220;0
ROSN;D;20191118;000000;459.6;461.5;450.1;451;3032390;0
ROSN;D;20191119;000000;451.25;455;448.5;452.55;2644550;0
ROSN;D;20191120;000000;450.9;452.5;441.65;450.35;4434830;0
ROSN;D;20191121;000000;449.8;454;445.75;452.85;1952620;0
ROSN;D;20191122;000000;452.2;457.4;450.8;453;2537450;0
ROSN;D;20191125;000000;455;456.5;453;455;1748740;0
ROSN;D;20191126;000000;455.6;456.35;445.1;453;6255680;0
ROSN;D;20191127;000000;452;452.85;445.1;445.9;3604600;0
ROSN;D;20191128;000000;445.45;447.2;442.5;445.5;2224970;0
ROSN;D;20191129;000000;444.6;444.6;440.3;441;2907480;0
ROSN;D;20191202;000000;443.4;443.95;435.4;435.45;3243280;0
ROSN;D;20191203;000000;434.2;439.55;432.5;433;2850050;0
ROSN;D;20191204;000000;433.4;444.15;427.6;442.15;3553690;0
ROSN;D;20191205;000000;441;443.75;435.25;438.4;2932430;0
ROSN;D;20191206;000000;438.4;448.35;436.6;446;2845350;0
ROSN;D;20191209;000000;448;450.5;445.2;449;2006130;0
ROSN;D;20191210;000000;448.8;451.9;445.5;448.85;2593230;0
ROSN;D;20191211;000000;449.45;455.85;448.75;451.7;3936930;0
ROSN;D;20191212;000000;453.3;458.75;451.6;452.8;5508850;0
ROSN;D;20191213;000000;456.15;457.35;450.25;451.1;4586410;0
ROSN;D;20191216;000000;450.8;452.65;448;448.45;3597230;0
ROSN;D;20191217;000000;449.95;455;449.2;454.05;5215360;0
ROSN;D;20191218;000000;453;456.45;451.55;454.45;4389380;0
ROSN;D;20191219;000000;454.5;456.85;449;451.75;5095820;0
ROSN;D;20191220;000000;452.45;453.2;446.5;451.75;5244610;0
ROSN;D;20191223;000000;451.7;454.1;449;451;2999470;0
ROSN;D;20191224;000000;451;453.2;450.5;451.4;1574240;0
ROSN;D;20191225;000000;452;455.3;451.9;454;1649040;0
ROSN;D;20191226;000000;455.7;455.75;452.5;452.5;1786410;0
ROSN;D;20191227;000000;453.5;455.4;453.2;453.5;2784150;0
ROSN;D;20191230;000000;453.4;453.95;449.5;449.7;3255130;0
ROSN;D;20200103;000000;453.75;458.65;453.35;456.9;4376800;0
ROSN;D;20200106;000000;459;460.4;453.4;455.6;6828930;0
ROSN;D;20200108;000000;456;462.7;451.45;452;9251220;0
ROSN;D;20200109;000000;452.4;460.95;450.7;460.2;4982540;0
ROSN;D;20200110;000000;459.9;475.65;456.85;473.5;6695940;0
ROSN;D;20200113;000000;476.65;482.25;472.15;481.15;4812230;0
ROSN;D;20200114;000000;481.15;486.45;472.7;475.5;6553240;0
ROSN;D;20200115;000000;474.7;482.1;469.95;474.5;4595510;0
ROSN;D;20200116;000000;477.95;481.5;476.7;480.95;4124610;0
ROSN;D;20200117;000000;482.45;487.2;481.25;485.15;4466590;0
ROSN;D;20200120;000000;488;489.9;484.65;484.85;3130680;0
ROSN;D;20200121;000000;482.55;486.85;479;486.15;2932730;0
ROSN;D;20200122;000000;486.25;488.55;476.05;478.15;11724320;0
ROSN;D;20200123;000000;475;479.7;470.6;473.1;4185540;0
ROSN;D;20200124;000000;475.05;478.4;473.5;474;3300950;0
ROSN;D;20200127;000000;469.05;473.8;465.8;468.3;5684600;0
ROSN;D;20200128;000000;472.1;477.7;468.2;477.7;5883840;0
ROSN;D;20200129;000000;480.5;482;475.6;481.7;6309330;0
ROSN;D;20200130;000000;480.95;483.3;477.8;481.2;14599820;0
ROSN;D;20200131;000000;485;486;478.75;480.5;8601590;0
ROSN;D;20200203;000000;478.7;481.45;476.6;479.95;4692830;0
ROSN;D;20200204;000000;481;483;478.35;480;8782880;0
ROSN;D;20200205;000000;481;481.5;474.4;477;5659990;0
ROSN;D;20200206;000000;478.5;480.5;471;475.6;4759310;0
ROSN;D;20200207;000000;475.5;476.75;450.55;463.6;16679550;0
ROSN;D;20200210;000000;463.6;463.85;447.8;450;8918200;0
ROSN;D;20200211;000000;454.85;456.7;448.25;454.3;7847480;0
ROSN;D;20200212;000000;456.7;465.8;455.5;465.8;7411680;0
ROSN;D;20200213;000000;463.2;465.5;458.55;463;5200420;0
ROSN;D;20200214;000000;463;464.4;456.25;460.5;4928520;0
ROSN;D;20200217;000000;461;464.7;459.7;464.7;2862290;0
ROSN;D;20200218;000000;462.7;466;440.7;452.2;12455090;0
ROSN;D;20200219;000000;455.25;469;455.25;465.65;10662570;0
ROSN;D;20200220;000000;468;476.95;465.6;470.4;9033880;0
ROSN;D;20200221;000000;468.1;469;461.65;461.75;6005410;0
ROSN;D;20200225;000000;455.05;458.75;442.7;443.85;7406410;0
ROSN;D;20200226;000000;441.75;444.6;431.5;443.7;9702670;0
ROSN;D;20200227;000000;437;440;420.95;422.05;9695140;0
ROSN;D;20200228;000000;416;417;398.15;403.4;18913810;0
ROSN;D;20200302;000000;411;415.4;389.5;394.5;11867380;0
ROSN;D;20200303;000000;406.95;411.95;400.5;406;11121190;0
ROSN;D;20200304;000000;403;416.55;399.2;415.95;9096600;0
ROSN;D;20200305;000000;417.5;420;408.5;410.6;8606580;0
ROSN;D;20200306;000000;406;406.95;391.05;392.95;12793490;0
ROSN;D;20200310;000000;353.7;357.4;320;326.5;38328490;0
ROSN;D;20200311;000000;332.9;334.4;310.95;314.05;20738020;0
ROSN;D;20200312;000000;300;305;270.8;277.5;29246810;0
ROSN;D;20200313;000000;261.2;288.65;261.2;266.25;44712980;0
ROSN;D;20200316;000000;266.25;280;251;258.5;31025780;0
ROSN;D;20200317;000000;260.5;268;246.25;249.15;19695180;0
ROSN;D;20200318;000000;244;244.75;229.8;234;19316370;0
ROSN;D;20200319;000000;237;268.65;230.05;264.4;37674540;0
ROSN;D;20200320;000000;274.5;299.4;272;287.75;45411190;0
ROSN;D;20200323;000000;275;276.45;265.15;274;35837260;0
ROSN;D;20200324;000000;300;301.25;285.45;298.5;22742550;0
ROSN;D;20200325;000000;304.5;319.75;287.75;304.75;36681020;0
ROSN;D;20200326;000000;304.75;319.95;291;316.2;20497860;0
ROSN;D;20200327;000000;315.9;322;296.3;302.8;13849010;0
ROSN;D;20200330;000000;316.5;325.75;293.55;301;29933870;0
ROSN;D;20200331;000000;305.1;319.75;304;314.35;25538920;0
ROSN;D;20200401;000000;308;324.6;304.2;321;18359340;0
ROSN;D;20200402;000000;335;354.3;324.65;340.5;38779550;0
ROSN;D;20200403;000000;344;355;340.55;345;37269440;0
ROSN;D;20200406;000000;348;352;340.25;343;18148920;0
ROSN;D;20200407;000000;350;386.95;337.55;339.5;28546820;0
ROSN;D;20200408;000000;337;342.95;335.7;341.5;14035290;0
ROSN;D;20200409;000000;347.9;355;341.5;353;27112760;0
ROSN;D;20200410;000000;350;350.05;342.15;344;12849240;0
ROSN;D;20200413;000000;345;346.5;334.4;336.7;9852690;0
ROSN;D;20200414;000000;339.15;342;327.4;330.95;13264460;0
ROSN;D;20200415;000000;328;328.35;304.05;307.25;19859390;0
ROSN;D;20200416;000000;308.85;314.9;296.25;305.75;21559360;0
ROSN;D;20200417;000000;312;314.75;307.3;313.9;14666310;0
ROSN;D;20200420;000000;310.5;314.5;307.8;307.9;12229610;0
ROSN;D;20200421;000000;299.2;306.95;293.5;304;25247170;0
ROSN;D;20200422;000000;299.1;329.1;299.1;321.95;25009860;0
ROSN;D;20200423;000000;329.6;336.8;324.1;335;22987910;0
ROSN;D;20200424;000000;334.7;334.7;322.5;324;16539600;0
ROSN;D;20200427;000000;322.2;327.3;319.3;322.9;10276660;0
ROSN;D;20200428;000000;320.5;331.3;318;325.1;17584700;0
ROSN;D;20200429;000000;328;338.25;326.5;337.95;15369840;0
ROSN;D;20200430;000000;343.25;346.45;330.3;335.65;17148520;0
ROSN;D;20200504;000000;330.55;332.75;325.05;331;8831090;0
ROSN;D;20200505;000000;337;343.55;334;342.5;13975500;0
ROSN;D;20200506;000000;344;344.85;335;336.65;14591870;0
ROSN;D;20200507;000000;337.15;344.55;336.75;343;12491770;0
ROSN;D;20200508;000000;344.05;350;340.25;348;9550290;0
ROSN;D;20200512;000000;347.8;355.7;345.2;351.1;11186970;0
ROSN;D;20200513;000000;350.3;353.15;345.85;348;8913160;0
ROSN;D;20200514;000000;346;349.95;344.55;347.15;8929200;0
ROSN;D;20200515;000000;351.2;354.75;349.35;350.05;9514140;0
ROSN;D;20200518;000000;357.5;375.95;355.65;375.05;19896670;0
ROSN;D;20200519;000000;376.2;383.5;371.55;376.5;18944540;0
ROSN;D;20200520;000000;374;384.45;373.25;380.25;14745420;0
ROSN;D;20200521;000000;378.9;383.35;364.4;367;20892400;0
ROSN;D;20200522;000000;359.7;365.9;358.1;364.5;13802870;0
ROSN;D;20200525;000000;366.5;374;366.5;373.95;5287090;0
ROSN;D;20200526;000000;377.8;380.9;374.4;374.4;10602650;0
ROSN;D;20200527;000000;373.8;380;366.35;374.9;12194760;0
ROSN;D;20200528;000000;376.8;378.2;372.5;377.45;7373100;0
ROSN;D;20200529;000000;374.05;376.35;370.4;376.2;10712590;0
ROSN;D;20200601;000000;380;387;376.35;378.7;8342370;0
ROSN;D;20200602;000000;380.55;387;379.8;387;13076410;0
ROSN;D;20200603;000000;390.2;397.6;388.4;396.95;13929180;0
ROSN;D;20200604;000000;397;397.3;387.65;390.05;8822490;0
ROSN;D;20200605;000000;394.5;402;393;401.95;11598780;0
ROSN;D;20200608;000000;407;408.25;395;400.15;12647060;0
ROSN;D;20200609;000000;403;403.9;394.3;402;10121950;0
ROSN;D;20200610;000000;401.6;403.75;397.25;400.3;8811590;0
ROSN;D;20200611;000000;382.9;382.9;370.5;376.1;15665520;0
ROSN;D;20200615;000000;368.7;369.05;359.55;366.15;12122290;0
ROSN;D;20200616;000000;372.15;376.8;370.25;371.4;9207610;0
ROSN;D;20200617;000000;372.55;376.85;371.05;371.75;6434810;0
ROSN;D;20200618;000000;371.7;374.5;369.25;373.65;5309220;0
ROSN;D;20200619;000000;376.15;378.8;373.7;376.15;7039450;0
ROSN;D;20200622;000000;374.55;379;370.5;375.65;5860910;0
ROSN;D;20200623;000000;376.9;377.75;372.5;373.6;4257880;0
ROSN;D;20200625;000000;366.95;372;362.2;371.5;9320050;0
ROSN;D;20200626;000000;373.05;373.05;366;367.05;3593650;0
ROSN;D;20200629;000000;365.5;367.45;361.7;365.5;4326180;0
ROSN;D;20200630;000000;365.6;366.2;359.5;361.8;4138970;0
ROSN;D;20200702;000000;364.05;367.8;362.5;366.05;3698320;0
ROSN;D;20200703;000000;367.5;368.2;362.95;365.35;3345410;0
ROSN;D;20200706;000000;367.6;373.65;367;368.8;5171010;0
ROSN;D;20200707;000000;366;368.8;364.55;365.85;3427320;0
ROSN;D;20200708;000000;366;366.8;362.75;366.15;2852700;0
ROSN;D;20200709;000000;366.85;367.45;360.65;364.25;3948680;0
ROSN;D;20200710;000000;361.05;364.5;356.8;364;4244590;0
ROSN;D;20200713;000000;366;367.4;354.3;354.95;5009880;0
ROSN;D;20200714;000000;355.95;355.95;349.05;355;7437920;0
ROSN;D;20200715;000000;355.1;362.95;353.35;358.45;8347910;0
ROSN;D;20200716;000000;357;361.45;355.85;361.1;2854850;0
ROSN;D;20200717;000000;361;362.25;358.35;359.85;2152460;0
ROSN;D;20200720;000000;359.35;361.65;355.9;361.35;3791780;0
ROSN;D;20200721;000000;362.5;367.75;362.2;364.45;5282220;0
ROSN;D;20200722;000000;364;366.8;362.2;364.7;3386370;0
ROSN;D;20200723;000000;366;366.55;358.1;360;3228630;0
ROSN;D;20200724;000000;358.2;360.7;357.4;359.75;4487370;0
ROSN;D;20200727;000000;361;361;356.3;358.25;4490460;0
ROSN;D;20200728;000000;358.95;359.3;355;355.4;4091640;0
ROSN;D;20200729;000000;356;360.4;355.45;360.4;5483830;0
ROSN;D;20200730;000000;359.05;359.6;352.6;355.85;5663350;0
ROSN;D;20200731;000000;356;358.2;353.5;356.9;4021490;0
ROSN;D;20200803;000000;356;358.35;355.25;356.45;3730310;0
ROSN;D;20200804;000000;356.5;360.7;355;359.8;4723740;0
ROSN;D;20200805;000000;361;365.6;359;364.5;7946580;0
ROSN;D;20200806;000000;365.05;374.85;362.45;369;6136500;0
ROSN;D;20200807;000000;367.8;370.5;365.2;367.15;4826180;0
ROSN;D;20200810;000000;367.95;370.95;366.6;368.25;3341230;0
ROSN;D;20200811;000000;369;371.85;366.7;367.2;6201990;0
ROSN;D;20200812;000000;369;379.05;368.55;377.85;7432810;0
ROSN;D;20200813;000000;379;389.7;376;387.3;10592250;0
ROSN;D;20200814;000000;387.5;390;382.65;387.95;6088640;0
ROSN;D;20200817;000000;389.5;393.1;383.2;389.55;6546720;0
ROSN;D;20200818;000000;388;394.3;386.15;391.85;5600460;0
ROSN;D;20200819;000000;392.4;393.25;385.4;388.5;3868960;0
ROSN;D;20200820;000000;385.1;386.3;379.1;381.6;5242640;0
ROSN;D;20200821;000000;382.05;386.2;377.6;382.8;4100350;0
ROSN;D;20200824;000000;384.55;388.7;383.25;388.65;3243240;0
ROSN;D;20200825;000000;389.5;393.45;386.7;392.8;5975530;0
ROSN;D;20200826;000000;393.05;398.5;391.9;397.5;5660100;0
ROSN;D;20200827;000000;397.95;399;388.3;389.65;3889140;0
ROSN;D;20200828;000000;389.9;391.2;378.8;380.65;3497930;0
ROSN;D;20200831;000000;382;385;371.25;373.2;7521510;0
ROSN;D;20200901;000000;375.3;375.45;369.8;373.9;3558470;0
ROSN;D;20200902;000000;374.15;377.5;367.3;371.5;4525330;0
ROSN;D;20200903;000000;371;372.35;363.3;366.2;4804100;0
ROSN;D;20200904;000000;365.75;372.8;365;372.5;5655120;0
ROSN;D;20200907;000000;370;373.4;367.45;371.4;3419960;0
ROSN;D;20200908;000000;370.15;372.65;364.5;367.9;5021740;0
ROSN;D;20200909;000000;367.7;372.75;367.35;371.8;4596650;0
ROSN;D;20200910;000000;372.05;373;365.65;366.9;4262650;0
ROSN;D;20200911;000000;367;371.7;365.5;370.05;3236060;0
ROSN;D;20200914;000000;372;376.9;370.65;374.45;3276980;0
ROSN;D;20200915;000000;374;385.7;373.1;385.3;4048030;0
ROSN;D;20200916;000000;386.05;389.9;381.8;385.75;4944730;0
ROSN;D;20200917;000000;383;384.15;378.65;382.55;5337090;0
ROSN;D;20200918;000000;382.9;384;374.5;376.5;4167400;0
ROSN;D;20200921;000000;376;376;363.4;368.3;6772510;0
ROSN;D;20200922;000000;367.7;375.7;366.75;374.8;4164420;0
ROSN;D;20200923;000000;375.8;379.55;370.15;370.75;3812730;0
ROSN;D;20200924;000000;373.2;379;369.15;376.7;3899530;0
ROSN;D;20200925;000000;379;381.5;376.95;381.4;4445740;0
ROSN;D;20200928;000000;382.35;386.45;380.45;385.9;3439130;0
ROSN;D;20200929;000000;386;389.4;380.8;384;4544310;0
ROSN;D;20200930;000000;382.95;387.95;381.7;383;3705240;0
ROSN;D;20201001;000000;386.85;389.1;382.1;385.45;5605640;0
ROSN;D;20201002;000000;383.5;384.2;378.1;380.45;5010190;0
ROSN;D;20201005;000000;382.95;390.7;381.25;390.6;5735200;0
ROSN;D;20201006;000000;392;395.7;389.85;390.2;4592340;0
ROSN;D;20201007;000000;390;392.95;385.45;388.85;4112860;0
ROSN;D;20201008;000000;390;394.2;386.1;392.5;4043080;0
ROSN;D;20201009;000000;393;393;383.8;386.55;3073540;0
ROSN;D;20201012;000000;386.1;387.15;382.7;384.15;4427040;0
ROSN;D;20201013;000000;384.3;384.5;378.15;378.85;2537000;0
ROSN;D;20201014;000000;379;385.95;376.4;385.4;3024710;0
ROSN;D;20201015;000000;384.2;384.95;379.2;380.2;3617750;0
ROSN;D;20201016;000000;378.75;384.35;377.95;382.95;3356910;0
ROSN;D;20201019;000000;385.25;385.6;379.5;381.55;3105900;0
ROSN;D;20201020;000000;380.1;385.5;380;384.6;2249100;0
ROSN;D;20201021;000000;384.6;385.3;381.35;383.55;2373960;0
ROSN;D;20201022;000000;382.9;384.85;380;381.8;2908960;0
ROSN;D;20201023;000000;381.8;381.8;378.5;379.85;2407290;0
ROSN;D;20201026;000000;376.8;378;373.6;374.55;2834990;0
ROSN;D;20201027;000000;375;376.9;372.05;372.5;3056710;0
ROSN;D;20201028;000000;371.85;371.85;350.5;350.9;9829480;0
ROSN;D;20201029;000000;353.1;354.2;345;353;8015380;0
ROSN;D;20201030;000000;349;352.35;343.6;349.8;5728580;0
ROSN;D;20201102;000000;346.05;359.55;342.1;359.2;8455340;0
ROSN;D;20201103;000000;360;376.8;358.35;374;8068840;0
ROSN;D;20201105;000000;378.3;386.9;372.35;382.4;9371750;0
ROSN;D;20201106;000000;380.25;384.7;378.15;382.35;6424710;0
ROSN;D;20201109;000000;385.65;405;378.15;395.4;15986400;0
ROSN;D;20201110;000000;395.4;418.85;392.25;414.55;11053520;0
ROSN;D;20201111;000000;416.4;429;415.85;419.35;16144380;0
ROSN;D;20201112;000000;418;419.65;410.55;412.3;7715290;0
ROSN;D;20201113;000000;412.3;419.35;408.55;419.35;6389440;0
ROSN;D;20201116;000000;425;435.45;415.65;430.95;12999200;0
ROSN;D;20201117;000000;430.9;441.5;419.8;438.85;15122320;0
ROSN;D;20201118;000000;438;460;436.25;452.9;19290660;0
ROSN;D;20201119;000000;452.15;454.1;443.05;451.85;9551230;0
ROSN;D;20201120;000000;450.5;465;446.15;464.8;13303290;0
ROSN;D;20201123;000000;467.3;472.25;463.65;469.6;11212830;0
ROSN;D;20201124;000000;472.5;474.9;462.3;472.2;8983210;0
ROSN;D;20201125;000000;473.1;474.8;467.6;473.3;6846430;0
ROSN;D;20201126;000000;473.3;473.8;463.8;464.75;5962140;0
ROSN;D;20201127;000000;465;466.4;456.65;461.2;6127800;0
ROSN;D;20201130;000000;457;458;444.6;449.5;9270330;0
ROSN;D;20201201;000000;448.75;452.3;441.8;446.4;7844700;0
ROSN;D;20201202;000000;445.55;451.8;439.3;448.75;6806570;0
ROSN;D;20201203;000000;448.5;450;428.2;435.35;10753510;0
ROSN;D;20201204;000000;439.8;447.3;437;444.8;8602710;0
ROSN;D;20201207;000000;444.6;445.45;437.55;439.45;5019210;0
ROSN;D;20201208;000000;437.7;438.1;426.7;432.75;7171410;0
ROSN;D;20201209;000000;432.55;441.75;429.6;435.6;7638280;0
ROSN;D;20201210;000000;434.9;452.15;434.5;450.9;8115030;0
ROSN;D;20201211;000000;452;454;445;447.25;6779290;0
ROSN;D;20201214;000000;449.95;459.4;438.6;441.8;10347360;0
ROSN;D;20201215;000000;439;451.5;435.85;451.5;8233220;0
ROSN;D;20201216;000000;452;456.4;437.5;444.4;9849100;0
ROSN;D;20201217;000000;445.5;447.95;438.8;442.65;9232940;0
ROSN;D;20201218;000000;441;443.95;438.9;440.65;8758690;0
ROSN;D;20201221;000000;435.1;437.4;417.45;423.95;13037520;0
ROSN;D;20201222;000000;419;435.45;417.75;430.7;7584660;0
ROSN;D;20201223;000000;430;434.5;427;430.15;5243500;0
ROSN;D;20201224;000000;431.2;438;429.2;436.35;3408170;0
ROSN;D;20201225;000000;438;438;433;436.25;1041010;0
ROSN;D;20201228;000000;436.25;439.95;434.35;435.65;2020880;0
ROSN;D;20201229;000000;438.3;438.85;430.15;434.6;3303520;0
ROSN;D;20201230;000000;436.45;438.45;433.4;435.1;5079580;0
ROSN;D;20210104;000000;435.85;442.6;433;436;6405540;0
ROSN;D;20210105;000000;436;450.7;433.3;449.35;6728320;0
ROSN;D;20210106;000000;449.35;454.65;443.7;453.7;8230020;0
ROSN;D;20210108;000000;465.1;481;463.8;478.2;12774820;0
ROSN;D;20210111;000000;474.55;480.1;464;473.25;8794770;0
ROSN;D;20210112;000000;475;479.2;466.25;474.4;7084430;0
ROSN;D;20210113;000000;477;493.95;476.25;485.95;15295510;0
ROSN;D;20210114;000000;485;505.65;484.05;505;15398010;0
ROSN;D;20210115;000000;503;519.65;498.2;512.2;17894440;0
ROSN;D;20210118;000000;509.95;519;505.25;516.5;10725300;0
ROSN;D;20210119;000000;518.9;524.8;506.65;510.7;12521140;0
ROSN;D;20210120;000000;510.7;514.7;507.55;510.65;4876400;0
ROSN;D;20210121;000000;509.3;512.7;495.65;498;9254750;0
ROSN;D;20210122;000000;495;495;485;494.25;8716870;0
ROSN;D;20210125;000000;494.2;502.8;485.4;495.6;7535710;0
ROSN;D;20210126;000000;492.15;498.25;488.1;493.95;4500790;0
ROSN;D;20210127;000000;495.9;497.9;480.55;481.25;9582470;0
ROSN;D;20210128;000000;479.85;485.65;475;483.4;6061580;0
ROSN;D;20210129;000000;480.45;482.45;472;473;5555870;0
ROSN;D;20210201;000000;475.1;478.9;469.5;478.35;6890680;0
ROSN;D;20210202;000000;481.15;488.8;479;482;10412280;0
ROSN;D;20210203;000000;487.75;494.2;482.15;489.95;7562080;0
ROSN;D;20210204;000000;490.35;497.05;484.2;489.2;7944910;0
ROSN;D;20210205;000000;492.45;496.75;490.35;493.95;7638670;0
ROSN;D;20210208;000000;496;503.25;496;501.75;7754570;0
ROSN;D;20210209;000000;503.8;505;492.4;494.8;6760660;0
ROSN;D;20210210;000000;497.45;498.25;489.35;491.45;5609350;0
ROSN;D;20210211;000000;490.25;501.7;488.15;496.8;6678120;0
ROSN;D;20210212;000000;496.95;509.35;488.6;509.35;11948910;0
ROSN;D;20210215;000000;513;522.45;508.2;521.45;8829940;0
ROSN;D;20210216;000000;522.45;529.4;520.5;525.6;8710180;0
ROSN;D;20210217;000000;525;528.15;505.7;515.15;11449940;0
ROSN;D;20210218;000000;515;517.65;505.5;506.85;9701350;0
ROSN;D;20210219;000000;506;515.15;504;512.75;7460830;0
ROSN;D;20210220;000000;512.55;514;509.05;513.15;909650;0
ROSN;D;20210222;000000;514;518.9;509.1;516;4533130;0
ROSN;D;20210224;000000;511.7;518.7;511.15;518.25;6758820;0
ROSN;D;20210225;000000;519.45;536.35;517.95;529.35;13384710;0
ROSN;D;20210226;000000;525.65;533.2;520.45;523.35;10091350;0
ROSN;D;20210301;000000;527.55;530;521.45;524.1;4875450;0
ROSN;D;20210302;000000;519.5;529.85;518.85;526;4806100;0
ROSN;D;20210303;000000;528.85;536.45;527.6;533.8;5961110;0
ROSN;D;20210304;000000;535.1;549.7;533.2;540.1;12458160;0
ROSN;D;20210305;000000;543;561.95;541.55;561;13678500;0
ROSN;D;20210309;000000;559;581.45;556;570.6;14355410;0
ROSN;D;20210310;000000;568.75;573.5;557;561.15;9582210;0
ROSN;D;20210311;000000;563.05;572;563.05;572;9572920;0
ROSN;D;20210312;000000;572.75;574.7;566.4;572.25;5964020;0
ROSN;D;20210315;000000;573.15;580.75;572;576.4;9937060;0
ROSN;D;20210316;000000;574.65;577.95;559.3;571.2;17701530;0
ROSN;D;20210317;000000;570;574.1;551.25;555.85;15266980;0
ROSN;D;20210318;000000;556;559.5;541;544.05;12381510;0
ROSN;D;20210319;000000;543;560.95;541.6;560.3;9333040;0
ROSN;D;20210322;000000;558.4;566.9;555.55;562.65;7504320;0
ROSN;D;20210323;000000;560.2;573.45;556.55;565.1;8310320;0
ROSN;D;20210324;000000;566.6;577;564.25;568.05;7812840;0
ROSN;D;20210325;000000;568.65;574.7;566.45;574.65;6836330;0
ROSN;D;20210326;000000;576;585.15;575.85;582.2;10241580;0
ROSN;D;20210329;000000;579.95;584.25;572;575.3;8312720;0
ROSN;D;20210330;000000;576.5;579.2;565.3;570.25;6153150;0
ROSN;D;20210331;000000;571.15;574.95;567.1;572.6;9090060;0
ROSN;D;20210401;000000;574.1;576.75;561.4;568.9;11609740;0
ROSN;D;20210402;000000;568.9;569.9;565.6;566.65;1030470;0
ROSN;D;20210405;000000;567.5;567.75;557.25;560.15;3143400;0
ROSN;D;20210406;000000;562.25;563.15;545.45;547.55;5962740;0
ROSN;D;20210407;000000;547.5;555.55;543.25;551.5;6156820;0
ROSN;D;20210408;000000;549.9;554.8;545.15;549.3;4641120;0
ROSN;D;20210409;000000;547.55;548.7;536.05;538;6280370;0
ROSN;D;20210412;000000;535;541.35;532.5;540.15;6148360;0
ROSN;D;20210413;000000;541.25;552.25;534.55;551.95;4894320;0
ROSN;D;20210414;000000;556;556.1;546.25;552.1;5673330;0
ROSN;D;20210415;000000;548.7;562.6;545.4;556.5;6292810;0
ROSN;D;20210416;000000;560.1;561.4;549.2;555.05;4004590;0
ROSN;D;20210419;000000;552.05;554.7;546.05;548.05;3372020;0
ROSN;D;20210420;000000;549.9;553.9;537.5;541.05;5473430;0
ROSN;D;20210421;000000;540.65;547.35;538.65;545.7;2816320;0
ROSN;D;20210422;000000;547;547;536.6;541.6;5874370;0
ROSN;D;20210423;000000;543;544.8;533.95;538.5;5103090;0
ROSN;D;20210426;000000;537.1;537.85;527.5;530.6;5749850;0
ROSN;D;20210427;000000;531;533.7;524.5;528;4251420;0
ROSN;D;20210428;000000;529;529.75;522.1;527.95;4581390;0
ROSN;D;20210429;000000;530;536.1;526.05;528.75;6335350;0
ROSN;D;20210430;000000;528;529.7;521.55;525.2;5134830;0
ROSN;D;20210504;000000;526.9;538.15;526.3;537.15;5110110;0
ROSN;D;20210505;000000;540;546.8;537.05;538.65;6088920;0
ROSN;D;20210506;000000;540.5;542.8;534.2;538.55;4536300;0
ROSN;D;20210507;000000;540;541.65;533.25;536.2;3172170;0
ROSN;D;20210510;000000;537.45;547.5;533.55;541.95;5096980;0
ROSN;D;20210511;000000;540;541.6;528.6;532;5234470;0
ROSN;D;20210512;000000;532.9;551.3;529.85;542.2;8518710;0
ROSN;D;20210513;000000;540.5;552;539.5;550;6448240;0
ROSN;D;20210514;000000;552;553.7;541.2;545.65;4101350;0
ROSN;D;20210517;000000;546.95;546.95;535.9;545.55;3855920;0
ROSN;D;20210518;000000;546.25;551;538.35;540.45;5984510;0
ROSN;D;20210519;000000;539.7;539.7;526.35;529.5;4946560;0
ROSN;D;20210520;000000;529.5;529.85;514.3;517.35;6586410;0
ROSN;D;20210521;000000;516.8;528.55;515.3;525.55;5374100;0
ROSN;D;20210524;000000;526.8;531.4;519.3;523.95;3164330;0
ROSN;D;20210525;000000;525.5;530.45;523.2;524.35;3537160;0
ROSN;D;20210526;000000;526.3;532.2;522.2;525.85;3751250;0
ROSN;D;20210527;000000;523;525.2;519.8;525.2;4332820;0
ROSN;D;20210528;000000;523.15;525.6;521;523.35;2880880;0
ROSN;D;20210531;000000;525.9;531.65;524;531.4;2578580;0
ROSN;D;20210601;000000;535.2;547.65;533.85;544;9957480;0
ROSN;D;20210602;000000;545.95;552.45;541.6;552;8904690;0
ROSN;D;20210603;000000;555.45;561.9;540.1;559.45;15173770;0
ROSN;D;20210604;000000;560.5;563.25;554.05;556.45;8568190;0
ROSN;D;20210607;000000;554.2;557.5;547.9;551.55;7112240;0
ROSN;D;20210608;000000;551;552.25;544.6;550.25;8276890;0
ROSN;D;20210609;000000;552.65;553.4;546;548.25;7307290;0
ROSN;D;20210610;000000;548.25;551.7;535.65;539.6;13982910;0
ROSN;D;20210611;000000;539.65;542.1;530.2;535.45;8149510;0
ROSN;D;20210614;000000;531.6;541.85;530.7;537.6;4303320;0
ROSN;D;20210615;000000;538.85;542;532.35;536.05;5533760;0
ROSN;D;20210616;000000;537.65;545.75;536.45;541.25;6749920;0
ROSN;D;20210617;000000;540;543.85;534;537;15043640;0
ROSN;D;20210618;000000;537.5;543.4;526.75;541;11472730;0
ROSN;D;20210621;000000;541.95;542.8;534.25;541.2;5190610;0
ROSN;D;20210622;000000;543;553.2;542.05;551.85;7533880;0
ROSN;D;20210623;000000;553.3;571.4;553.3;570.45;19205750;0
ROSN;D;20210624;000000;570.4;572.9;565.05;565.95;15285040;0
ROSN;D;20210625;000000;566;566.4;560.65;564.7;3783440;0
ROSN;D;20210628;000000;564.7;564.95;553.05;555;7223850;0
ROSN;D;20210629;000000;554.7;558.75;548;553.05;5994570;0
ROSN;D;20210630;000000;554.9;571.8;551.7;571.2;14690150;0
ROSN;D;20210701;000000;568.85;586.95;568.85;581.45;34228650;0
ROSN;D;20210702;000000;580.1;585.9;562.85;567;13340700;0
ROSN;D;20210705;000000;567.9;569.9;561;567.5;3914980;0
ROSN;D;20210706;000000;570;580.55;565.35;571;20639390;0
ROSN;D;20210707;000000;571.05;583;570;580.25;14465650;0
ROSN;D;20210708;000000;579;582;572.65;581.1;13955330;0
ROSN;D;20210709;000000;581.1;586.75;574.1;577.85;16854600;0
ROSN;D;20210712;000000;577;579.4;570.5;579;4525370;0
ROSN;D;20210713;000000;578.6;584.1;573;576;7725040;0
ROSN;D;20210714;000000;576;582.95;568.8;569;15586600;0
ROSN;D;20210715;000000;567;568;556.3;562.5;6020690;0
ROSN;D;20210716;000000;560.6;570.4;556.85;563.45;4383120;0
ROSN;D;20210719;000000;558;559.4;543.25;543.9;8438510;0
ROSN;D;20210720;000000;547.5;550.6;536.7;547.5;5160450;0
ROSN;D;20210721;000000;546.5;553.1;543.2;551.9;3754710;0
ROSN;D;20210722;000000;553;556.25;549.35;553.65;3434370;0
ROSN;D;20210723;000000;554.9;556;545.2;548.85;2498900;0
ROSN;D;20210726;000000;546;552.9;540.2;552.7;3112580;0
ROSN;D;20210727;000000;551.5;553.9;547.15;551.2;1969460;0
ROSN;D;20210728;000000;551;555.7;550.5;554.25;2444740;0
ROSN;D;20210729;000000;555.7;558.1;550.75;554;3636310;0
ROSN;D;20210730;000000;552.4;554.8;539.55;544.5;5239520;0
ROSN;D;20210802;000000;545;550.8;541.25;548.85;5239940;0
ROSN;D;20210803;000000;547.7;551;542.2;551;3434570;0
ROSN;D;20210804;000000;551.5;553.2;542.8;543.5;4382550;0
ROSN;D;20210805;000000;542.5;548.7;538.15;548;5508910;0
ROSN;D;20210806;000000;548.95;552.4;544.05;544.9;4443710;0
ROSN;D;20210809;000000;539.6;548;535.25;545;7325750;0
ROSN;D;20210810;000000;547.5;564.1;547;562.55;7900370;0
ROSN;D;20210811;000000;564;568.4;558.85;561.8;4535120;0
ROSN;D;20210812;000000;561.45;567.85;557.2;565.9;5489640;0
ROSN;D;20210813;000000;565.4;568.7;555;558.55;4783880;0
ROSN;D;20210816;000000;556.75;567.65;551.5;564.4;15439330;0
ROSN;D;20210817;000000;562.95;563;552.9;555;9550930;0
ROSN;D;20210818;000000;557.8;559.9;542.25;546.95;8539700;0
ROSN;D;20210819;000000;544;547.75;531.45;537.8;11547530;0
ROSN;D;20210820;000000;537.5;538.35;530.1;534;3354650;0
ROSN;D;20210823;000000;538;545.45;536.1;544.85;3433260;0
ROSN;D;20210824;000000;545.9;549.55;539.25;545;5427630;0
ROSN;D;20210825;000000;544.5;545.75;536.55;538.5;4318590;0
ROSN;D;20210826;000000;538;538.85;531.5;531.7;3984460;0
ROSN;D;20210827;000000;533.5;538.2;533.1;537.8;3078520;0
ROSN;D;20210830;000000;539.5;540.95;536.35;539.3;2558490;0
ROSN;D;20210831;000000;540;540.4;531.55;533.6;5189550;0
ROSN;D;20210901;000000;537.1;541.75;534.8;541.55;4956926;0
ROSN;D;20210902;000000;542.05;556.2;538.1;550.7;10445139;0
ROSN;D;20210903;000000;551.6;556.9;550.45;555.4;5483964;0
ROSN;D;20210906;000000;554.95;557.15;548.2;550.7;3363696;0
ROSN;D;20210907;000000;552;554.4;542;547.3;3483193;0
ROSN;D;20210908;000000;547.5;559;541.5;555.9;7045304;0
ROSN;D;20210909;000000;554.15;555.4;541.3;541.9;4385872;0
ROSN;D;20210910;000000;545;549.2;540.2;543.3;2329724;0
ROSN;D;20210913;000000;544.95;559.5;544.15;559.4;4596073;0
ROSN;D;20210914;000000;560;563.5;554.1;557.25;7742281;0
ROSN;D;20210915;000000;557;589.8;557;568.1;26552756;0
ROSN;D;20210916;000000;562;584.3;562;576.45;17645321;0
ROSN;D;20210917;000000;579;580.25;562.05;567.1;9406425;0
ROSN;D;20210920;000000;560;562.6;548;552.5;8390039;0
ROSN;D;20210921;000000;562.3;568.5;555.45;564.5;9046423;0
ROSN;D;20210922;000000;568.3;588.9;567;586;13356364;0
ROSN;D;20210923;000000;590;599;581.4;598.25;12921389;0
ROSN;D;20210924;000000;598.9;618;590.5;614;12949695;0
ROSN;D;20210927;000000;620;629.95;617.4;627.85;12981662;0
ROSN;D;20210928;000000;632.35;639.9;613.5;617.85;18387624;0
ROSN;D;20210929;000000;613.65;623.35;609.3;618.9;9102557;0
ROSN;D;20210930;000000;624;626.85;610.1;614.35;10305447;0
ROSN;D;20211001;000000;611;619.8;606.55;618.45;5790645;0
ROSN;D;20211004;000000;618.45;637;602.75;631.7;46385511;0
ROSN;D;20211005;000000;632;656;625.65;655.25;15648551;0
ROSN;D;20211006;000000;660.85;663.35;631.6;646;16149419;0
ROSN;D;20211007;000000;647.6;651.85;630.15;647.95;11235392;0
ROSN;D;20211008;000000;633.65;640;630.1;631;8100391;0
ROSN;D;20211011;000000;639.05;647.25;637;641.55;6910506;0
ROSN;D;20211012;000000;637.5;643.2;633.1;638.65;4949977;0
ROSN;D;20211013;000000;639;640.85;614.65;632.85;7486423;0
ROSN;D;20211014;000000;638;650;635.2;640.45;10245939;0
ROSN;D;20211015;000000;644.7;647.9;637.5;645.45;6751522;0
ROSN;D;20211018;000000;646.75;647.65;637.7;639.25;5040328;0
ROSN;D;20211019;000000;641;643;634.75;643;5666390;0
ROSN;D;20211020;000000;639.65;644.7;633.5;643.7;5598282;0
ROSN;D;20211021;000000;638.6;644.25;630;633.3;4594674;0
ROSN;D;20211022;000000;630.15;640.45;630.15;634.5;3652778;0
ROSN;D;20211025;000000;638.85;655.8;631.65;655.05;9397225;0
ROSN;D;20211026;000000;655.45;665.7;649.3;650.8;8829531;0
ROSN;D;20211027;000000;646.5;649.9;637.55;638.4;6337158;0
ROSN;D;20211028;000000;637.75;642;622.35;641.25;8151001;0
ROSN;D;20211029;000000;640.05;643;628.4;636.1;4389843;0
ROSN;D;20211101;000000;637.3;643.25;633;641.9;3588960;0
ROSN;D;20211102;000000;643;646.3;628.55;630.2;5482020;0
ROSN;D;20211103;000000;627.1;627.95;615.45;619.75;5037076;0
ROSN;D;20211105;000000;612.95;626.75;605.2;626.25;4556911;0
ROSN;D;20211108;000000;633.05;636.5;628.35;631.7;5018395;0
ROSN;D;20211109;000000;632.5;637.95;629.3;636.4;4362147;0
ROSN;D;20211110;000000;638;642.5;627;629.8;5309324;0
ROSN;D;20211111;000000;631;636.25;623.25;634.5;5635697;0
ROSN;D;20211112;000000;633.6;637.4;611.4;619.2;7938082;0
ROSN;D;20211115;000000;617.8;629.4;614.45;621.55;3983921;0
ROSN;D;20211116;000000;625.1;629.45;617;621.35;3812878;0
ROSN;D;20211117;000000;621;626.7;618.55;619.5;4422998;0
ROSN;D;20211118;000000;618.05;621.95;610.25;614.1;4667408;0
ROSN;D;20211119;000000;617.8;618.3;590;590.5;8020360;0
ROSN;D;20211122;000000;589.75;593.05;572.25;581;12356068;0
ROSN;D;20211123;000000;578.45;603;570;601.95;12193500;0
ROSN;D;20211124;000000;604.3;605;586.2;597.3;5431688;0
ROSN;D;20211125;000000;598;602.45;587.15;590.9;3088187;0
ROSN;D;20211126;000000;578.55;578.55;555;555.15;9211044;0
ROSN;D;20211129;000000;567;579;559.4;573.25;7689720;0
ROSN;D;20211130;000000;565;573.25;557;566.1;10588357;0
ROSN;D;20211201;000000;573.35;582;568;569.95;6597358;0
ROSN;D;20211202;000000;571.95;583.7;567.2;582;10194348;0
ROSN;D;20211203;000000;584;584.45;573;576.55;5534389;0
ROSN;D;20211206;000000;580;582;568.6;575.55;3717596;0
ROSN;D;20211207;000000;575.95;591.2;571;589.55;7751537;0
ROSN;D;20211208;000000;591;595.15;569;574.95;8778029;0
ROSN;D;20211209;000000;576;580.3;570;578.35;4300451;0
ROSN;D;20211210;000000;578.4;579.45;570.05;572.1;2667983;0
ROSN;D;20211213;000000;573.4;577.85;536.6;539.15;8616555;0
ROSN;D;20211214;000000;538.7;557.95;503.15;550.85;9993857;0
ROSN;D;20211215;000000;551;561.9;547;561.1;4992764;0
ROSN;D;20211216;000000;564;579.65;561.95;573;7113498;0
ROSN;D;20211217;000000;573;575;563.05;573.2;4598339;0
ROSN;D;20211220;000000;567.7;569;555.45;567.55;3788720;0
ROSN;D;20211221;000000;570.9;576.3;567.7;575;3340565;0
ROSN;D;20211222;000000;574.95;582.2;570.55;579.7;5356645;0
ROSN;D;20211223;000000;582.95;583;571.15;579.1;3636344;0
ROSN;D;20211224;000000;578.9;579.75;564.15;572.05;2327283;0
ROSN;D;20211227;000000;573;582.5;571.4;582;3257992;0
ROSN;D;20211228;000000;581.2;599.1;581.2;596.2;5294675;0
ROSN;D;20211229;000000;596.65;600;586.3;592;4516617;0
ROSN;D;20211230;000000;592;601.6;589.1;599;3427321;0
