<TICKER>;<PER>;<DATE>;<TIME>;<OPEN>;<HIGH>;<LOW>;<CLOSE>;<VOL>;<OPENINT>
SBER;D;20170103;000000;173.4;181.68;173;180.12;53890400;0
SBER;D;20170104;000000;178.9;179.41;174.23;175.95;41400710;0
SBER;D;20170105;000000;176.31;177.28;171.54;171.9;35093040;0
SBER;D;20170106;000000;172.4;173.75;169.5;170.69;35415590;0
SBER;D;20170109;000000;171.37;172.39;168.05;168.35;35187380;0
SBER;D;20170110;000000;168.35;172.3;167.54;171.6;58874120;0
SBER;D;20170111;000000;171.5;173.05;168.54;169.05;52772790;0
SBER;D;20170112;000000;170;170.65;168.02;168.27;49854940;0
SBER;D;20170113;000000;168.79;172.39;163.88;164.9;85990570;0
SBER;D;20170116;000000;165.22;166.8;164.06;164.66;37577470;0
SBER;D;20170117;000000;164.67;166.47;163.34;165.98;45968310;0
SBER;D;20170118;000000;165.9;167.8;164.31;165.24;42479900;0
SBER;D;20170119;000000;165.46;166.99;164.69;166.3;38478840;0
SBER;D;20170120;000000;166.55;168.19;165.42;167.49;32581460;0
SBER;D;20170123;000000;167.33;167.33;164.53;166.75;36457470;0
SBER;D;20170124;000000;167.37;170.7;167.24;170.25;45397860;0
SBER;D;20170125;000000;170.5;171.3;169.5;170.26;42543080;0
SBER;D;20170126;000000;170.85;174.39;169.06;173.79;56105000;0
SBER;D;20170127;000000;173.89;178.92;173;178.92;71123150;0
SBER;D;20170130;000000;177.5;178;174.24;174.6;45935720;0
SBER;D;20170131;000000;174.37;175.27;172.07;172.2;46486680;0
SBER;D;20170201;000000;172.59;174.27;171.75;173.9;42252780;0
SBER;D;20170202;000000;173.94;174.69;171.95;172.83;31064430;0
SBER;D;20170203;000000;173.03;174.19;172.27;173.8;34744860;0
SBER;D;20170206;000000;174.71;174.98;172.22;172.87;33943730;0
SBER;D;20170207;000000;173;174.18;171.51;173.47;33506000;0
SBER;D;20170208;000000;173.2;173.2;170.77;171.2;33314310;0
SBER;D;20170209;000000;171.91;172.67;167.84;168.8;48730500;0
SBER;D;20170210;000000;169.05;170.45;165.4;165.5;59337100;0
SBER;D;20170213;000000;166.05;167.05;163.5;164.7;53028170;0
SBER;D;20170214;000000;164.99;165.14;162.01;162.7;54466800;0
SBER;D;20170215;000000;162.27;165.57;160;163.5;68808530;0
SBER;D;20170216;000000;164.4;166.5;162.21;166.49;44328980;0
SBER;D;20170217;000000;166.48;167.12;164.42;165.49;32616900;0
SBER;D;20170220;000000;166.4;166.69;163.93;165.44;26986270;0
SBER;D;20170221;000000;165.11;168.38;164.8;167;39649880;0
SBER;D;20170222;000000;167.5;168.3;164.35;165.9;40662980;0
SBER;D;20170224;000000;166.53;168.02;165.03;165.51;29704800;0
SBER;D;20170227;000000;166.01;166.34;160.62;160.95;41947190;0
SBER;D;20170228;000000;161.05;161.19;155.7;156;67919290;0
SBER;D;20170301;000000;155.65;160.92;155.65;160;62258970;0
SBER;D;20170302;000000;161.39;164.3;160.33;163.4;65453580;0
SBER;D;20170303;000000;162.95;164.89;161.61;164.4;38242710;0
SBER;D;20170306;000000;164.5;165.99;162;162;36845090;0
SBER;D;20170307;000000;162.41;162.41;158.9;160.98;44866990;0
SBER;D;20170309;000000;159.22;160.84;155.23;156.2;63696720;0
SBER;D;20170310;000000;157.32;159.4;155.55;157.5;51296630;0
SBER;D;20170313;000000;157.49;159.87;155.86;158.92;34087370;0
SBER;D;20170314;000000;159.5;160.75;157.02;157.42;59200290;0
SBER;D;20170315;000000;158.05;159.67;156.06;156.2;48858400;0
SBER;D;20170316;000000;157.82;159.85;157.82;158.35;68322520;0
SBER;D;20170317;000000;158.55;162.85;158.17;161.15;65470090;0
SBER;D;20170320;000000;161.57;164.05;160.61;163.8;41497240;0
SBER;D;20170321;000000;164.5;165.49;162.25;162.98;39831880;0
SBER;D;20170322;000000;162.01;162.92;159.75;162.92;40877170;0
SBER;D;20170323;000000;163.5;164.84;162.1;164.15;38722220;0
SBER;D;20170324;000000;164;165.9;163.07;164.52;33041260;0
SBER;D;20170327;000000;163.03;163.37;161.1;162.69;35418700;0
SBER;D;20170328;000000;163.5;164.1;162.05;163.66;30489200;0
SBER;D;20170329;000000;164;164.9;162.37;163.22;26160370;0
SBER;D;20170330;000000;163.32;164.1;161.9;163.5;24410850;0
SBER;D;20170331;000000;163.4;163.7;159.51;159.8;31639970;0
SBER;D;20170403;000000;160.77;162.94;159.84;161.8;32726400;0
SBER;D;20170404;000000;161.37;163.95;160.7;163.5;23333230;0
SBER;D;20170405;000000;164.33;168.45;163.82;168.1;57753380;0
SBER;D;20170406;000000;167.54;168.19;166.41;167.49;24422020;0
SBER;D;20170407;000000;166.12;166.84;160.71;161.49;59739010;0
SBER;D;20170410;000000;161;161.39;154.51;155.2;73718410;0
SBER;D;20170411;000000;155.2;158.59;154.61;156;53342100;0
SBER;D;20170412;000000;157;157.44;150.28;150.28;53279800;0
SBER;D;20170413;000000;151.57;153.35;149.7;152;70013640;0
SBER;D;20170414;000000;150.42;152.25;148.6;149.24;25092420;0
SBER;D;20170417;000000;149.44;154.2;147.62;153.99;48418090;0
SBER;D;20170418;000000;154.44;155.59;152.15;153.4;60882590;0
SBER;D;20170419;000000;153.18;155.38;152.36;153.6;38955390;0
SBER;D;20170420;000000;153;158.4;152.26;158.21;64127430;0
SBER;D;20170421;000000;158.74;160.3;157.8;159.59;57187090;0
SBER;D;20170424;000000;161.09;163.43;161;162.5;48021380;0
SBER;D;20170425;000000;163;163.53;161.31;162.55;40534410;0
SBER;D;20170426;000000;163.08;165.8;161.7;165.05;49259630;0
SBER;D;20170427;000000;164.99;165.79;163.27;164.69;43712420;0
SBER;D;20170428;000000;165.5;166;163.91;165.2;40999710;0
SBER;D;20170502;000000;166;168.34;165.01;166.64;42498180;0
SBER;D;20170503;000000;166.3;166.5;163.63;164.71;33570350;0
SBER;D;20170504;000000;164.62;167.4;163.78;165.5;37623080;0
SBER;D;20170505;000000;164.22;166.6;164;165.8;35495540;0
SBER;D;20170510;000000;167;170.8;166.41;170.8;46474510;0
SBER;D;20170511;000000;171;172.39;168.84;169.97;56593530;0
SBER;D;20170512;000000;169.75;170.43;166.85;167.7;37355540;0
SBER;D;20170515;000000;168.5;171.68;167.89;171.35;47099400;0
SBER;D;20170516;000000;170.97;172;169.98;170.66;37205990;0
SBER;D;20170517;000000;169.8;170.63;168.17;169.24;35218260;0
SBER;D;20170518;000000;168.41;169.17;164.7;166.5;57482410;0
SBER;D;20170519;000000;167.48;170.08;165.71;168.87;36552330;0
SBER;D;20170522;000000;170.5;170.5;167.14;168.03;29679120;0
SBER;D;20170523;000000;167.87;168.3;165.4;166.31;39501140;0
SBER;D;20170524;000000;166.8;168.48;162.51;165.7;46891970;0
SBER;D;20170525;000000;166.5;166.95;163.53;164.05;34373440;0
SBER;D;20170526;000000;163.8;163.8;160.62;160.7;46062750;0
SBER;D;20170529;000000;161;164.22;160.69;163.9;28741460;0
SBER;D;20170530;000000;163.15;163.45;161.17;161.64;22672890;0
SBER;D;20170531;000000;161.6;161.6;155.03;155.93;74365770;0
SBER;D;20170601;000000;156.4;156.76;152.72;153;50590080;0
SBER;D;20170602;000000;153;157.14;151.62;157.14;65420920;0
SBER;D;20170605;000000;157.1;158.89;154.43;154.7;48595070;0
SBER;D;20170606;000000;154.49;156;152.11;152.8;34673910;0
SBER;D;20170607;000000;153.3;155.11;151.75;152.82;43663590;0
SBER;D;20170608;000000;153.16;153.43;148.25;151.93;67991950;0
SBER;D;20170609;000000;151.41;153.75;150.12;150.13;45312560;0
SBER;D;20170613;000000;145.35;147.3;145;146;53389650;0
SBER;D;20170614;000000;145.65;145.65;142.81;143;58225630;0
SBER;D;20170615;000000;141.94;142.21;136.2;139;183326250;0
SBER;D;20170616;000000;139.65;142.8;139.02;141.63;79690200;0
SBER;D;20170619;000000;142.5;145.15;141.8;145;55251940;0
SBER;D;20170620;000000;145.2;147.1;143.5;144.9;58990950;0
SBER;D;20170621;000000;144.16;144.99;142.77;143.49;48036300;0
SBER;D;20170622;000000;142.39;145.69;141.78;144.25;54360770;0
SBER;D;20170623;000000;144.4;146;143.62;144.1;42333900;0
SBER;D;20170626;000000;144.85;146.49;143.81;144.49;46189970;0
SBER;D;20170627;000000;144.05;147.2;143.4;147.1;51070850;0
SBER;D;20170628;000000;146.2;146.45;144.71;145.5;45975150;0
SBER;D;20170629;000000;146.51;146.83;143.2;143.8;48806780;0
SBER;D;20170630;000000;143.2;146.73;142.88;145.59;67210520;0
SBER;D;20170703;000000;146.65;148.3;146.22;147.5;38410910;0
SBER;D;20170704;000000;147.5;149.8;147.11;149.39;40165050;0
SBER;D;20170705;000000;149.39;149.79;147.89;148.96;48191260;0
SBER;D;20170706;000000;149.2;151.03;148.9;150.35;51568300;0
SBER;D;20170707;000000;149.65;152.5;149.06;152.16;57150370;0
SBER;D;20170710;000000;152.48;155.34;152.36;155;63627110;0
SBER;D;20170711;000000;155.55;157;154.95;156.91;57224430;0
SBER;D;20170712;000000;157.53;160.99;157.5;160.85;70426950;0
SBER;D;20170713;000000;161.46;162.62;158.34;159.94;71818670;0
SBER;D;20170714;000000;159.9;162.26;159.43;161.4;43599590;0
SBER;D;20170717;000000;161.8;163.1;159.82;161.98;40217710;0
SBER;D;20170718;000000;162;162.99;160.88;161.7;36470090;0
SBER;D;20170719;000000;161.3;164.34;160.53;164.34;56474420;0
SBER;D;20170720;000000;164.06;164.91;163.47;163.93;41944460;0
SBER;D;20170721;000000;163.99;163.99;161.72;162.1;35022910;0
SBER;D;20170724;000000;161.21;162.33;158.6;161.33;57495790;0
SBER;D;20170725;000000;161.66;162.3;159.92;160.22;43210700;0
SBER;D;20170726;000000;160.71;162.31;160.12;161.55;42613080;0
SBER;D;20170727;000000;162.41;166;162.4;166;55346350;0
SBER;D;20170728;000000;165.37;165.75;163.15;165.4;50132670;0
SBER;D;20170731;000000;165.53;167.35;163.88;164.53;55781520;0
SBER;D;20170801;000000;165.5;168;165.3;166.31;55355180;0
SBER;D;20170802;000000;166.6;169.94;166.54;169.9;55341010;0
SBER;D;20170803;000000;170;170.98;169.17;170;56318760;0
SBER;D;20170804;000000;169.49;170;168.6;169.73;27204000;0
SBER;D;20170807;000000;170.47;172.95;170.38;172.79;35533610;0
SBER;D;20170808;000000;173;175.88;172.66;175.75;50529650;0
SBER;D;20170809;000000;174.8;175.2;172.8;173.4;49021230;0
SBER;D;20170810;000000;173.75;174.16;172.01;172.2;30020500;0
SBER;D;20170811;000000;171.26;172.49;168.64;172.05;60812390;0
SBER;D;20170814;000000;173;173.77;171.37;172.51;30902070;0
SBER;D;20170815;000000;172.31;172.72;170.46;172.33;30384890;0
SBER;D;20170816;000000;172.95;175.3;172.83;173.05;41837570;0
SBER;D;20170817;000000;172.5;173.99;172.27;172.72;26052310;0
SBER;D;20170818;000000;171.71;171.71;168.13;169.5;52379100;0
SBER;D;20170821;000000;169.77;170.69;168.5;169.9;36731730;0
SBER;D;20170822;000000;171.2;171.7;169.7;171;37858620;0
SBER;D;20170823;000000;171;175.3;170.98;175.3;55467190;0
SBER;D;20170824;000000;175.5;179.94;175.3;179.8;78590210;0
SBER;D;20170825;000000;180.85;182.25;179.6;180.51;68786620;0
SBER;D;20170828;000000;180.6;181.85;179.2;181.85;27960960;0
SBER;D;20170829;000000;182;182;179.51;181.89;46130680;0
SBER;D;20170830;000000;182.5;184.48;180.85;183.5;48548970;0
SBER;D;20170831;000000;182.99;186.33;181.71;183.51;64267180;0
SBER;D;20170901;000000;183.85;185.33;182.02;183.66;34360100;0
SBER;D;20170904;000000;181.51;185.27;180.93;184.1;25717510;0
SBER;D;20170905;000000;184.39;185.59;183.33;184.14;34342180;0
SBER;D;20170906;000000;183.25;183.73;181.47;183.12;33518200;0
SBER;D;20170907;000000;183.47;185.25;183.32;184;45668560;0
SBER;D;20170908;000000;184.1;187.43;183.77;185.89;60690500;0
SBER;D;20170911;000000;186.7;191.3;186.51;190.5;61682280;0
SBER;D;20170912;000000;191.03;192.31;188.14;189.32;50535740;0
SBER;D;20170913;000000;189.32;190.95;188.4;189.1;47811940;0
SBER;D;20170914;000000;189;189.39;186;188.64;38052220;0
SBER;D;20170915;000000;188.73;189.3;186.72;188.75;44784370;0
SBER;D;20170918;000000;189.56;190.37;187.31;188.04;29580440;0
SBER;D;20170919;000000;187.68;187.72;184.55;184.85;41401170;0
SBER;D;20170920;000000;184.5;186.47;182.65;186.47;50034550;0
SBER;D;20170921;000000;186.4;188.37;183.8;187.38;41621350;0
SBER;D;20170922;000000;187.35;188.77;186.77;187.55;37307660;0
SBER;D;20170925;000000;187.37;191.38;186.37;191.2;64177070;0
SBER;D;20170926;000000;191.56;195;191.54;192.54;82080300;0
SBER;D;20170927;000000;192.94;194.29;191.2;193.7;55030940;0
SBER;D;20170928;000000;193.68;194.3;191.53;191.96;39113080;0
SBER;D;20170929;000000;192;192.94;190.8;192.33;26325570;0
SBER;D;20171002;000000;192.76;194.1;191.1;193;35954810;0
SBER;D;20171003;000000;193.28;193.87;192.13;192.5;28657490;0
SBER;D;20171004;000000;192.49;192.59;191.22;192.03;26536580;0
SBER;D;20171005;000000;192;193.93;189.06;193.74;49466550;0
SBER;D;20171006;000000;194.3;196.42;193.67;194.16;52399740;0
SBER;D;20171009;000000;194.2;194.9;192.58;194;27756660;0
SBER;D;20171010;000000;194.3;194.45;192.95;193.21;17832400;0
SBER;D;20171011;000000;193.95;196.75;193.56;195.83;58002000;0
SBER;D;20171012;000000;195.85;196.75;194.95;195.51;34969250;0
SBER;D;20171013;000000;195.62;197.29;195.2;196.48;30338910;0
SBER;D;20171016;000000;197.53;198.52;196.7;197.7;26979280;0
SBER;D;20171017;000000;197.3;198;196.07;197.2;26239760;0
SBER;D;20171018;000000;197.5;197.89;194.01;195.31;43547040;0
SBER;D;20171019;000000;195.26;195.69;191.81;192.2;40359720;0
SBER;D;20171020;000000;193.6;194.14;192.23;192.97;29002730;0
SBER;D;20171023;000000;193.41;193.64;190.82;192.34;26949880;0
SBER;D;20171024;000000;191.64;192.92;190.13;192.5;28262140;0
SBER;D;20171025;000000;193;194.37;192.04;192.04;32303420;0
SBER;D;20171026;000000;192.65;193.5;190.72;192.75;25634660;0
SBER;D;20171027;000000;193.53;196.18;192.87;196.05;46796590;0
SBER;D;20171030;000000;196.32;197.7;195;195;31936710;0
SBER;D;20171031;000000;194.81;196.36;193.8;193.8;25643690;0
SBER;D;20171101;000000;194.49;197.05;193.33;194.05;40292630;0
SBER;D;20171102;000000;193.78;195.12;192.38;193.85;33747050;0
SBER;D;20171103;000000;194.77;195.75;193.2;193.8;30615880;0
SBER;D;20171107;000000;196.5;206.7;195.56;205.96;135174410;0
SBER;D;20171108;000000;205.95;211.77;204.06;209.09;88294790;0
SBER;D;20171109;000000;209.51;221.5;209.12;220.05;116648980;0
SBER;D;20171110;000000;221;229.4;216.61;217.7;143570000;0
SBER;D;20171113;000000;217.7;223.99;215.78;216.61;50943980;0
SBER;D;20171114;000000;216.5;222.2;215.96;221.4;45905390;0
SBER;D;20171115;000000;222.5;227.75;221.54;225.95;72212510;0
SBER;D;20171116;000000;227.79;228.58;219.09;227.5;85863110;0
SBER;D;20171117;000000;227.9;228;224.1;225.65;37958790;0
SBER;D;20171120;000000;225.7;225.97;223.16;224.6;18853280;0
SBER;D;20171121;000000;225.5;232.99;224.07;231;77573460;0
SBER;D;20171122;000000;231.89;233.95;228.38;230.25;45932160;0
SBER;D;20171123;000000;230.26;230.99;225.06;225.56;41140440;0
SBER;D;20171124;000000;225.4;228;222.15;228;44277250;0
SBER;D;20171127;000000;228.4;229.04;225;226.76;24026270;0
SBER;D;20171128;000000;221;230;221;230;40901370;0
SBER;D;20171129;000000;230.1;231.5;226.7;228.2;34340960;0
SBER;D;20171130;000000;228;228.92;222.35;224.35;46122870;0
SBER;D;20171201;000000;224.5;225.76;220.76;221.5;39983910;0
SBER;D;20171204;000000;222;226;219.55;224.6;45155240;0
SBER;D;20171205;000000;224;224.55;222;223.91;27885630;0
SBER;D;20171206;000000;222.65;224.9;221.57;223.75;23136530;0
SBER;D;20171207;000000;223.83;224.79;219.23;219.81;38228880;0
SBER;D;20171208;000000;219.9;223;219.61;220.89;28324950;0
SBER;D;20171211;000000;221.4;227.69;221.1;227.69;34539660;0
SBER;D;20171212;000000;229;230.5;226.11;227.9;39739590;0
SBER;D;20171213;000000;227.3;228.33;220.54;221.8;61576220;0
SBER;D;20171214;000000;222.11;229.9;221.1;229.9;55632890;0
SBER;D;20171215;000000;228.9;229.79;225.57;226.53;42529200;0
SBER;D;20171218;000000;227.49;228.9;225.7;227.4;24519570;0
SBER;D;20171219;000000;227.99;228.5;223.5;224.1;34991830;0
SBER;D;20171220;000000;224.28;226.68;222.7;226;34199080;0
SBER;D;20171221;000000;226.46;227.39;222.35;223.6;34750260;0
SBER;D;20171222;000000;223.68;224.64;221.12;221.44;21524310;0
SBER;D;20171225;000000;222.22;223.9;221.65;223.3;11183210;0
SBER;D;20171226;000000;223.9;223.98;221;223.57;12303590;0
SBER;D;20171227;000000;224.01;227.2;223.1;226.98;30101220;0
SBER;D;20171228;000000;226.9;227.17;223;224.2;24078940;0
SBER;D;20171229;000000;224.12;226.2;223.27;225.2;18919860;0
SBER;D;20180103;000000;226.88;232.7;226.35;231.9;34549620;0
SBER;D;20180104;000000;232.13;239.5;231;238.8;53598520;0
SBER;D;20180105;000000;238.89;239.95;236.7;238.6;31579190;0
SBER;D;20180109;000000;239.03;243.76;239.01;240.4;53172330;0
SBER;D;20180110;000000;240.4;241.25;237.06;237.76;39371720;0
SBER;D;20180111;000000;237.76;240.88;235.21;239;43067630;0
SBER;D;20180112;000000;238.92;239;236.05;237.75;30895860;0
SBER;D;20180115;000000;239;240.97;238;238.85;25681720;0
SBER;D;20180116;000000;239.01;240;236.01;239.64;25475380;0
SBER;D;20180117;000000;238.62;239.82;236.53;239.82;30522070;0
SBER;D;20180118;000000;240.5;246.69;240;245.5;64156650;0
SBER;D;20180119;000000;245.15;245.98;240.68;242.45;38996990;0
SBER;D;20180122;000000;242.97;244.89;241.41;243.99;25098970;0
SBER;D;20180123;000000;244.77;246.25;241.67;244.4;43978210;0
SBER;D;20180124;000000;244.2;247.53;242.32;247.53;31180190;0
SBER;D;20180125;000000;247.9;251.65;247.58;250.64;54995210;0
SBER;D;20180126;000000;249.3;251.23;245.93;247;35231900;0
SBER;D;20180129;000000;247.5;250.79;246;250.48;49186400;0
SBER;D;20180130;000000;248.53;258.96;247.91;257.8;65622240;0
SBER;D;20180131;000000;257.5;264.79;255.7;264.5;63707920;0
SBER;D;20180201;000000;265;270.3;260.6;263.2;73041240;0
SBER;D;20180202;000000;263.69;264.83;256.2;257.32;64657160;0
SBER;D;20180205;000000;254.85;258.29;252.6;255.64;45926950;0
SBER;D;20180206;000000;250;262.55;248.1;258.94;85982110;0
SBER;D;20180207;000000;263.9;264.37;256.26;257.58;53641050;0
SBER;D;20180208;000000;256.4;259.76;253.19;253.19;37198300;0
SBER;D;20180209;000000;249.03;252.89;244.13;250.11;81984710;0
SBER;D;20180212;000000;253;256.36;251.67;255.05;41817940;0
SBER;D;20180213;000000;255.87;258.62;254.7;258.3;43733360;0
SBER;D;20180214;000000;259.07;263.37;257.26;262.03;60442410;0
SBER;D;20180215;000000;267.53;268.77;264;264.58;60907490;0
SBER;D;20180216;000000;265.97;267.97;263.11;266.99;51931210;0
SBER;D;20180219;000000;267;270;265.3;266.85;24171390;0
SBER;D;20180220;000000;266.85;267.8;264.72;267.22;24750090;0
SBER;D;20180221;000000;266.05;279.2;266.05;279.2;70374070;0
SBER;D;20180222;000000;277.99;279.5;275.52;277.49;50751740;0
SBER;D;20180226;000000;279;285;278.59;279.97;67733260;0
SBER;D;20180227;000000;280.82;280.99;276.61;278.21;40006960;0
SBER;D;20180228;000000;276;277.41;272;272.4;53012950;0
SBER;D;20180301;000000;270.98;277;270.9;275;38979860;0
SBER;D;20180302;000000;274.4;275.5;268.56;273;46027880;0
SBER;D;20180305;000000;273.7;278.84;273.5;277;34109000;0
SBER;D;20180306;000000;278.5;281.5;274.03;274.03;40605460;0
SBER;D;20180307;000000;272.99;276.72;270.15;274;49998920;0
SBER;D;20180309;000000;274.55;275.48;270.61;274.6;26351860;0
SBER;D;20180312;000000;276.05;277.3;273.55;274.3;23710370;0
SBER;D;20180313;000000;274;275.93;272.66;273.95;34643840;0
SBER;D;20180314;000000;273;273.4;262.11;262.5;61779660;0
SBER;D;20180315;000000;263;264.61;253.29;254.51;78054390;0
SBER;D;20180316;000000;255.29;257.98;249.76;256.15;91870960;0
SBER;D;20180319;000000;257.8;259.81;250.01;255;42502100;0
SBER;D;20180320;000000;255.98;257.34;250.4;257.15;62966810;0
SBER;D;20180321;000000;258;270;257.23;268.88;69909930;0
SBER;D;20180322;000000;269.97;271.8;264.1;265.5;55550150;0
SBER;D;20180323;000000;259.02;264.25;259.02;262;46285060;0
SBER;D;20180326;000000;262;264.87;255;255;56903720;0
SBER;D;20180327;000000;256.99;258.43;252.27;258;45163380;0
SBER;D;20180328;000000;255.5;256.12;250.75;251.5;43754240;0
SBER;D;20180329;000000;252.12;255.6;252.12;252.9;33625120;0
SBER;D;20180330;000000;254;254.49;252.8;253.57;10912160;0
SBER;D;20180402;000000;253.58;258.34;249.99;249.99;35436630;0
SBER;D;20180403;000000;250.01;251.93;245.38;251.6;63806710;0
SBER;D;20180404;000000;252.21;255.77;249.09;255.69;52051840;0
SBER;D;20180405;000000;257.25;262.89;255.92;262;52779220;0
SBER;D;20180406;000000;260.64;262.32;256.01;256.76;40256090;0
SBER;D;20180409;000000;255.05;255.3;205;213;250018990;0
SBER;D;20180410;000000;211.24;224.47;197;214.8;253346870;0
SBER;D;20180411;000000;214;223.6;204.24;208;185659760;0
SBER;D;20180412;000000;214.55;218.39;208.5;212.21;126954920;0
SBER;D;20180413;000000;213.37;216.7;203.14;204.7;106926900;0
SBER;D;20180416;000000;199.36;208;191.5;192.06;199704860;0
SBER;D;20180417;000000;203.02;207.87;200;207.5;169904570;0
SBER;D;20180418;000000;209;219.93;208.25;215.87;174039490;0
SBER;D;20180419;000000;217.34;222.22;212;213.45;133533840;0
SBER;D;20180420;000000;214;216.27;212.13;215.36;57871710;0
SBER;D;20180423;000000;216.48;223.5;213.22;223.25;116947630;0
SBER;D;20180424;000000;225.9;228.43;221.3;223;83961110;0
SBER;D;20180425;000000;220.15;223.78;218.2;220.45;69675890;0
SBER;D;20180426;000000;221.57;222.59;216;220.7;73277610;0
SBER;D;20180427;000000;221.36;224.43;217.62;223.91;81940000;0
SBER;D;20180428;000000;224.4;224.99;222.4;224.8;10314450;0
SBER;D;20180430;000000;224.5;228.2;221.58;226.99;39358910;0
SBER;D;20180502;000000;224.22;230;224.02;229.02;40017840;0
SBER;D;20180503;000000;228.4;232.74;227.5;228.03;79625270;0
SBER;D;20180504;000000;229.58;230.94;225.7;228.55;48163140;0
SBER;D;20180507;000000;230.17;232.18;229.06;229.86;37271570;0
SBER;D;20180508;000000;227.79;228.48;224.5;226.7;55972540;0
SBER;D;20180510;000000;228.5;234.14;228.37;233.7;72199030;0
SBER;D;20180511;000000;234.35;237.95;233.74;235.72;55080740;0
SBER;D;20180514;000000;236.21;237.8;234.03;237.8;34774680;0
SBER;D;20180515;000000;237.5;237.5;230.4;231.39;53009530;0
SBER;D;20180516;000000;230.88;232;226.7;229.8;70162450;0
SBER;D;20180517;000000;230.01;231.25;226.05;226.05;43455710;0
SBER;D;20180518;000000;225.7;228.16;222.2;222.2;60330030;0
SBER;D;20180521;000000;223.79;226.8;223.55;226.21;38991090;0
SBER;D;20180522;000000;227.27;227.27;222.95;225.6;43268320;0
SBER;D;20180523;000000;223.11;224.07;221;221;48854650;0
SBER;D;20180524;000000;221.91;223.7;221.12;222.01;37214260;0
SBER;D;20180525;000000;222.51;223.48;219;220;50137840;0
SBER;D;20180528;000000;219.47;221.5;219.2;220.9;23187310;0
SBER;D;20180529;000000;220.5;222.13;217.1;219;35940720;0
SBER;D;20180530;000000;219.3;221.55;217.88;221.01;48626980;0
SBER;D;20180531;000000;221.98;224.35;220;222.36;67415130;0
SBER;D;20180601;000000;221.5;222.77;220;220;35532280;0
SBER;D;20180604;000000;221.13;222.67;218.57;220;32256200;0
SBER;D;20180605;000000;220;220.79;214.51;215.56;51368750;0
SBER;D;20180606;000000;216;218.19;214.65;217.9;35857770;0
SBER;D;20180607;000000;218.94;219.45;216.41;216.41;32483420;0
SBER;D;20180608;000000;216;217;210.25;210.95;67632240;0
SBER;D;20180609;000000;211.5;213.27;211.5;212.6;6508460;0
SBER;D;20180611;000000;212.5;213.61;208.33;210.35;28263970;0
SBER;D;20180613;000000;211.23;216.13;209.63;215;48675610;0
SBER;D;20180614;000000;214.82;217.49;213.6;214;42732410;0
SBER;D;20180615;000000;213.9;215;207.9;209.36;86209880;0
SBER;D;20180618;000000;209;211.2;205.01;206.3;54276700;0
SBER;D;20180619;000000;204;206.77;202.11;206;51734620;0
SBER;D;20180620;000000;207;212.37;207;212.2;60991640;0
SBER;D;20180621;000000;212.25;214.16;208.62;210.4;65102970;0
SBER;D;20180622;000000;211.62;215;209.62;214.43;67568430;0
SBER;D;20180625;000000;204.5;206.94;202.51;202.51;56516980;0
SBER;D;20180626;000000;203.64;205;199.6;199.91;54747990;0
SBER;D;20180627;000000;201.85;209.33;198.55;207.95;81134770;0
SBER;D;20180628;000000;207.85;210.63;207.01;208.5;46877330;0
SBER;D;20180629;000000;210.1;218.3;210.09;218;76707660;0
SBER;D;20180702;000000;217.01;222.83;216;221.01;55213130;0
SBER;D;20180703;000000;221.01;222.45;217.1;218.45;38401730;0
SBER;D;20180704;000000;218.23;219.56;216.61;217.7;20277940;0
SBER;D;20180705;000000;217.5;224.54;216.85;224.54;53737300;0
SBER;D;20180706;000000;225.01;227.59;221.61;226.71;55247910;0
SBER;D;20180709;000000;228.5;231.24;228.2;230;50069820;0
SBER;D;20180710;000000;230.95;232.25;228;230.3;43340410;0
SBER;D;20180711;000000;229.2;229.2;224.8;227.57;58161000;0
SBER;D;20180712;000000;226.76;228.45;225.1;226.6;40488130;0
SBER;D;20180713;000000;227.3;230.86;227.22;229.85;39651270;0
SBER;D;20180716;000000;230.1;231;226.42;227.99;35579630;0
SBER;D;20180717;000000;227;227;220.52;222.5;62586090;0
SBER;D;20180718;000000;222;224;215.64;216.28;61197290;0
SBER;D;20180719;000000;216.9;217.11;206.56;207.5;93333130;0
SBER;D;20180720;000000;207.77;210.95;201.1;204.34;126702190;0
SBER;D;20180723;000000;205.4;210.4;205.25;208.42;55275810;0
SBER;D;20180724;000000;209;215.45;208.92;215.45;54142290;0
SBER;D;20180725;000000;211;215.45;208.34;213.7;76868200;0
SBER;D;20180726;000000;215.7;216.51;209.11;210;59754670;0
SBER;D;20180727;000000;210;211.22;205.58;208.9;58628430;0
SBER;D;20180730;000000;207.77;212.49;206.56;211.33;48372730;0
SBER;D;20180731;000000;211.09;214.94;210.24;214.86;45260950;0
SBER;D;20180801;000000;213.5;215.2;210.57;210.6;37666650;0
SBER;D;20180802;000000;208.54;211.72;205.13;206.6;58115220;0
SBER;D;20180803;000000;206.49;206.55;202;202.21;74165120;0
SBER;D;20180806;000000;201.8;205.2;199.57;203.9;52730870;0
SBER;D;20180807;000000;205.19;207.95;201.55;201.79;60553370;0
SBER;D;20180808;000000;201.53;202.45;191.51;193.2;142075030;0
SBER;D;20180809;000000;189.99;195.9;182.06;195.9;160336490;0
SBER;D;20180810;000000;194;196.85;183.01;186.15;113592570;0
SBER;D;20180813;000000;182.05;193.39;180.15;190;106701070;0
SBER;D;20180814;000000;192.98;195.98;188.2;192.76;82753490;0
SBER;D;20180815;000000;192.35;194;186.53;187.98;77725280;0
SBER;D;20180816;000000;189;192.28;188.22;191.6;54684020;0
SBER;D;20180817;000000;191.83;192.43;188.59;189.55;45242690;0
SBER;D;20180820;000000;190.99;193.99;190.64;191.2;49443050;0
SBER;D;20180821;000000;192;192.34;189.55;191.8;40349600;0
SBER;D;20180822;000000;192.43;193.69;187.56;187.8;66396800;0
SBER;D;20180823;000000;188.44;189.06;178.55;178.71;147648980;0
SBER;D;20180824;000000;178;180.39;172.8;180.39;133262230;0
SBER;D;20180827;000000;181.47;183.83;180.52;183.27;51721470;0
SBER;D;20180828;000000;183.35;184.64;181.22;182;49610370;0
SBER;D;20180829;000000;182.77;183.85;181.31;183.5;39285100;0
SBER;D;20180830;000000;184.61;185.57;177.25;178;66285490;0
SBER;D;20180831;000000;177.61;182;175.61;182;63814120;0
SBER;D;20180903;000000;181.72;182.87;180.15;181.21;31275240;0
SBER;D;20180904;000000;182;182.49;177.71;179.5;56794110;0
SBER;D;20180905;000000;178.5;181.25;178.28;178.46;44505050;0
SBER;D;20180906;000000;177.25;180.18;175;175;49419910;0
SBER;D;20180907;000000;175.47;177.45;173.85;174.9;68532820;0
SBER;D;20180910;000000;175.03;175.97;169.85;171.21;77730540;0
SBER;D;20180911;000000;171.23;172.67;165.9;169.36;93278700;0
SBER;D;20180912;000000;170.2;175.19;169.4;173.9;93574140;0
SBER;D;20180913;000000;174.5;189.04;174.5;183.5;194912360;0
SBER;D;20180914;000000;185;189;182.53;188.71;127908270;0
SBER;D;20180917;000000;190;192.07;186.6;188.11;67025000;0
SBER;D;20180918;000000;188.3;192.69;186.51;191.65;83601870;0
SBER;D;20180919;000000;192.3;193.97;191.47;193.9;61065690;0
SBER;D;20180920;000000;194.3;197.73;191.16;191.16;133004440;0
SBER;D;20180921;000000;191.16;194.68;188.83;193.44;109182050;0
SBER;D;20180924;000000;194.6;199.06;194.29;198.75;76000500;0
SBER;D;20180925;000000;199.7;201;195.06;195.55;90058270;0
SBER;D;20180926;000000;195.52;197.4;193.59;195.79;61988530;0
SBER;D;20180927;000000;195;204.1;194.56;204.1;101333900;0
SBER;D;20180928;000000;204.93;205.67;200.1;203.32;101839410;0
SBER;D;20181001;000000;204.5;205.25;201.71;204.2;55013680;0
SBER;D;20181002;000000;205.16;205.98;198.62;199.5;79003430;0
SBER;D;20181003;000000;200;202.47;196.85;198.3;76679890;0
SBER;D;20181004;000000;197.91;198.19;189.25;189.35;87451180;0
SBER;D;20181005;000000;188.99;191.59;185.05;187.2;103279820;0
SBER;D;20181008;000000;187;193.6;182.51;191.85;82502650;0
SBER;D;20181009;000000;193.5;196.04;188.7;191.25;86121280;0
SBER;D;20181010;000000;192;195.12;188.81;189.89;67336620;0
SBER;D;20181011;000000;184.85;187.83;182.3;185.27;125364360;0
SBER;D;20181012;000000;187.8;192.16;187.61;191.85;63093510;0
SBER;D;20181015;000000;192.5;193.89;189.45;190.92;54220850;0
SBER;D;20181016;000000;190.02;196.2;189;196.05;64061080;0
SBER;D;20181017;000000;198.47;198.8;192.92;194.05;79027880;0
SBER;D;20181018;000000;193.5;194.2;190.8;191;49394850;0
SBER;D;20181019;000000;191.15;191.7;183.8;183.8;96950320;0
SBER;D;20181022;000000;184.86;187.72;180.03;180.7;92854160;0
SBER;D;20181023;000000;178.89;182.5;177.02;181;77903480;0
SBER;D;20181024;000000;182.5;189.25;180.5;188.01;106814960;0
SBER;D;20181025;000000;185.51;188.75;184.03;186.71;80112060;0
SBER;D;20181026;000000;185.77;185.85;178.27;181;92868230;0
SBER;D;20181029;000000;180.6;186.3;178.64;185.59;61368040;0
SBER;D;20181030;000000;183.88;186.82;181.74;184.78;61227000;0
SBER;D;20181031;000000;186.2;189.8;184.83;189.8;66890490;0
SBER;D;20181101;000000;189.5;191.36;186.7;188.67;77588390;0
SBER;D;20181102;000000;189.99;192.98;188.57;192.6;69325930;0
SBER;D;20181106;000000;194.5;197.85;193.73;197.8;65904630;0
SBER;D;20181107;000000;197.41;203;195.4;201.9;98634400;0
SBER;D;20181108;000000;201.98;204.7;200.1;202.89;94736930;0
SBER;D;20181109;000000;200.32;201.96;194.33;195.75;96097970;0
SBER;D;20181112;000000;197.97;201.85;196.4;196.82;82362260;0
SBER;D;20181113;000000;195.5;199.7;193.68;196.56;78638020;0
SBER;D;20181114;000000;195.21;199.56;193.18;199.2;83071810;0
SBER;D;20181115;000000;200.01;202.5;199.5;200.15;62376350;0
SBER;D;20181116;000000;201.12;203.5;198.71;199.26;66434280;0
SBER;D;20181119;000000;198.98;200.7;197.5;197.99;50559670;0
SBER;D;20181120;000000;197.3;197.8;191.81;194.21;66392190;0
SBER;D;20181121;000000;194.21;198.4;193.38;197.5;58475250;0
SBER;D;20181122;000000;198;200.01;195.92;199.4;49731020;0
SBER;D;20181123;000000;198.58;198.77;194.86;197.3;50984250;0
SBER;D;20181126;000000;197.5;197.79;185.53;188.5;117412600;0
SBER;D;20181127;000000;189.98;192.45;188.11;191.03;87812910;0
SBER;D;20181128;000000;191.6;193.27;189.45;190.2;60383880;0
SBER;D;20181129;000000;191.85;196.37;191.1;195.76;83234570;0
SBER;D;20181130;000000;194;194.25;191.22;194;67411490;0
SBER;D;20181203;000000;197.99;201.9;197.58;200.3;81820020;0
SBER;D;20181204;000000;200.3;200.7;196.93;199;58006750;0
SBER;D;20181205;000000;195.7;196.8;194.05;196;49771400;0
SBER;D;20181206;000000;194;194.23;190.11;192.19;64556990;0
SBER;D;20181207;000000;193.5;196.35;192.2;195.01;64007740;0
SBER;D;20181210;000000;192.75;193.92;190.39;191.8;61815010;0
SBER;D;20181211;000000;192.15;193.8;190.2;192.57;54872050;0
SBER;D;20181212;000000;193.3;193.9;190.45;190.45;50988040;0
SBER;D;20181213;000000;190.25;191.55;188.56;189.17;43510520;0
SBER;D;20181214;000000;188.5;189.1;183.73;184.93;73307750;0
SBER;D;20181217;000000;184.63;186.96;182.11;182.3;59876690;0
SBER;D;20181218;000000;180.59;186.6;180.37;186.6;80342620;0
SBER;D;20181219;000000;185.5;188.85;184.35;188.85;61953220;0
SBER;D;20181220;000000;186;191.82;185.31;189.3;88123070;0
SBER;D;20181221;000000;188.74;190.05;185.7;186.79;60633190;0
SBER;D;20181224;000000;186.1;187.26;183.51;184.3;32587550;0
SBER;D;20181225;000000;182.42;183.47;179.04;183.3;34732450;0
SBER;D;20181226;000000;183.9;185.5;182.35;183.4;30129900;0
SBER;D;20181227;000000;187.4;187.4;184.18;185;47527120;0
SBER;D;20181228;000000;185.78;187.22;184.98;186.5;39831090;0
SBER;D;20181229;000000;186.9;187;185.31;186.3;9167600;0
SBER;D;20190103;000000;186.37;191.5;186;186.99;40249190;0
SBER;D;20190104;000000;188;190.99;187.77;190.99;32583360;0
SBER;D;20190108;000000;191.65;193.18;190.37;191.24;38856560;0
SBER;D;20190109;000000;192.71;197;192.1;197;70707820;0
SBER;D;20190110;000000;196.25;197.64;195.03;196.75;56378780;0
SBER;D;20190111;000000;197.11;198.96;195.61;196.8;63811140;0
SBER;D;20190114;000000;195.7;197.44;194;196.8;44774070;0
SBER;D;20190115;000000;197.4;198.84;195.91;198;53217180;0
SBER;D;20190116;000000;198.64;201.3;198.02;201.26;62469270;0
SBER;D;20190117;000000;201.66;203.55;201.05;203.32;59989420;0
SBER;D;20190118;000000;204.6;208.44;203.83;208.44;74335240;0
SBER;D;20190121;000000;208.91;210.2;207.17;207.17;55523010;0
SBER;D;20190122;000000;206.66;208.88;205.63;207.95;51361560;0
SBER;D;20190123;000000;207.78;212;207.52;210.4;79765560;0
SBER;D;20190124;000000;210.4;213.43;208.55;212.2;78537190;0
SBER;D;20190125;000000;212.76;214.14;211.01;212;58844660;0
SBER;D;20190128;000000;212;213.3;207.63;209.7;56537300;0
SBER;D;20190129;000000;209.71;214.49;206.91;213.61;63963210;0
SBER;D;20190130;000000;213.8;215.7;212.22;213.14;59319900;0
SBER;D;20190131;000000;215.17;218.1;214.67;217.9;80344740;0
SBER;D;20190201;000000;218;218.7;215.01;216.29;55512060;0
SBER;D;20190204;000000;216.25;217.14;215.06;215.5;40925530;0
SBER;D;20190205;000000;216;218.55;214.61;217.85;46690970;0
SBER;D;20190206;000000;217.9;218.15;215.41;216.59;46155500;0
SBER;D;20190207;000000;216;216.65;210.6;211.01;69248500;0
SBER;D;20190208;000000;210;211.93;208.7;210.43;51799020;0
SBER;D;20190211;000000;211;214.72;210.8;214;49657780;0
SBER;D;20190212;000000;214.8;219.45;214.6;219.1;73724050;0
SBER;D;20190213;000000;219.62;220.7;213.1;213.9;85228940;0
SBER;D;20190214;000000;208.5;209.85;201.7;204.43;155830530;0
SBER;D;20190215;000000;205.92;209;205.52;208;79213270;0
SBER;D;20190218;000000;208.83;209.73;203.2;204.19;76658220;0
SBER;D;20190219;000000;203.6;205.6;201.1;202.08;66705090;0
SBER;D;20190220;000000;203.9;206.89;203.23;206.89;66813180;0
SBER;D;20190221;000000;207.55;207.87;202.3;203.41;68159040;0
SBER;D;20190222;000000;203.61;206.1;203.03;205.25;45768640;0
SBER;D;20190225;000000;205.5;208.6;204.2;205.86;70929780;0
SBER;D;20190226;000000;204.8;205.8;202.9;205.8;50829020;0
SBER;D;20190227;000000;206.05;206.9;203.9;205.4;54146260;0
SBER;D;20190228;000000;205;208.89;204.16;207.8;62340230;0
SBER;D;20190301;000000;208.48;209;206.1;206.54;46106110;0
SBER;D;20190304;000000;207;207.5;205.25;205.5;31661100;0
SBER;D;20190305;000000;204.9;204.9;202.25;202.92;46422920;0
SBER;D;20190306;000000;202.74;205.7;202.6;205;52940220;0
SBER;D;20190307;000000;205.1;206.67;203.5;203.95;46079750;0
SBER;D;20190311;000000;203.2;205.6;202.56;205.25;42484580;0
SBER;D;20190312;000000;206.5;206.89;204.4;205.1;42292620;0
SBER;D;20190313;000000;204.69;206;203.8;206;28536880;0
SBER;D;20190314;000000;205.6;206.38;203.5;203.66;43879390;0
SBER;D;20190315;000000;204.2;204.95;203.55;203.55;35953260;0
SBER;D;20190318;000000;204.25;206.14;204.11;205.9;40854520;0
SBER;D;20190319;000000;206.4;208.31;205.93;207.7;47791920;0
SBER;D;20190320;000000;207.6;209.84;206.4;209.8;55535200;0
SBER;D;20190321;000000;210.25;212.29;209.77;210.61;67037150;0
SBER;D;20190322;000000;210.61;211.29;206.7;207.7;49421400;0
SBER;D;20190325;000000;206.63;214.2;205.55;214;108111450;0
SBER;D;20190326;000000;214.7;218.46;213.13;218;81466100;0
SBER;D;20190327;000000;218.2;219.25;214.1;214.1;71996140;0
SBER;D;20190328;000000;214.15;215.95;213.72;215.07;47565550;0
SBER;D;20190329;000000;215.99;218.19;214.4;214.42;85814090;0
SBER;D;20190401;000000;215.05;218.11;215.01;217.7;51803650;0
SBER;D;20190402;000000;218.75;219.32;216.8;218.23;49230090;0
SBER;D;20190403;000000;220.1;224.16;218.88;219.05;92738080;0
SBER;D;20190404;000000;218.49;221.85;218.01;221.8;51964100;0
SBER;D;20190405;000000;222.6;227.7;222.03;227.5;78052850;0
SBER;D;20190408;000000;227.93;232.3;227.9;232.3;70857870;0
SBER;D;20190409;000000;233.5;238.9;232.39;238;117431200;0
SBER;D;20190410;000000;239;245.25;237.94;243.68;129370870;0
SBER;D;20190411;000000;244.4;247.23;238.86;238.86;105413510;0
SBER;D;20190412;000000;240;243.15;237;239.5;96227220;0
SBER;D;20190415;000000;240.35;242.3;237.06;237.8;47884980;0
SBER;D;20190416;000000;239;239.5;232.32;233.24;86433710;0
SBER;D;20190417;000000;234.5;235.75;232;234.3;70239480;0
SBER;D;20190418;000000;233.83;234.11;230.84;232.79;55729500;0
SBER;D;20190419;000000;233.49;233.5;231.9;232.6;12300520;0
SBER;D;20190422;000000;233.7;236.09;233.05;235.41;44282380;0
SBER;D;20190423;000000;236;237.56;234.16;235.67;56873940;0
SBER;D;20190424;000000;235;236.47;233.94;236;43619460;0
SBER;D;20190425;000000;235.68;236;227.8;227.8;100809150;0
SBER;D;20190426;000000;227.46;227.47;222.08;223.18;94128120;0
SBER;D;20190429;000000;223.7;229.09;223.05;228.8;48833240;0
SBER;D;20190430;000000;229.01;229.02;223.81;225.17;63461350;0
SBER;D;20190502;000000;226;229.84;225.85;229.1;36536970;0
SBER;D;20190503;000000;229.7;233;228.55;232.52;47635490;0
SBER;D;20190506;000000;228.75;232.8;227;232.8;48493800;0
SBER;D;20190507;000000;232.7;234.34;230.26;231.49;46520740;0
SBER;D;20190508;000000;231.03;232.5;229.5;230;42299640;0
SBER;D;20190510;000000;227;229.49;226.11;227;44398820;0
SBER;D;20190513;000000;226.51;228.67;224.15;224.22;47092220;0
SBER;D;20190514;000000;224.55;230.55;224.55;227.88;76594470;0
SBER;D;20190515;000000;228.92;230.96;224.43;228.69;61125230;0
SBER;D;20190516;000000;229;231.45;227.59;228.19;40133150;0
SBER;D;20190517;000000;227;228.24;226;226.94;28523030;0
SBER;D;20190520;000000;228.23;229.18;225.1;226;30226170;0
SBER;D;20190521;000000;227.02;232.71;226.04;232.71;59079510;0
SBER;D;20190522;000000;233.13;237.4;230.8;235.86;59430610;0
SBER;D;20190523;000000;234.5;235.37;228.57;229.3;51517700;0
SBER;D;20190524;000000;231.2;236.45;231.2;234.45;65885440;0
SBER;D;20190527;000000;235.28;237;233.83;236;27786310;0
SBER;D;20190528;000000;236.5;237.47;230.6;233.19;74118940;0
SBER;D;20190529;000000;232.1;234.3;230.25;233.4;51831510;0
SBER;D;20190530;000000;234.55;235.21;231.91;232.75;36413600;0
SBER;D;20190531;000000;230.56;234.1;229.21;233.24;53532020;0
SBER;D;20190603;000000;231.18;241.5;230.35;239.95;84461310;0
SBER;D;20190604;000000;239.88;240.25;234.8;236;70060790;0
SBER;D;20190605;000000;236;240.3;235.11;239;52861630;0
SBER;D;20190606;000000;238.87;246.34;238.53;244.89;61360950;0
SBER;D;20190607;000000;246.36;249;246.06;248.28;68423470;0
SBER;D;20190610;000000;249.55;250.65;245.2;249;62696710;0
SBER;D;20190611;000000;235.51;239;235.11;235.89;67944000;0
SBER;D;20190613;000000;236.55;241.07;232.55;240.49;75253430;0
SBER;D;20190614;000000;240.55;243.8;237.1;238.8;50409780;0
SBER;D;20190617;000000;239;240.87;237.5;237.8;33622230;0
SBER;D;20190618;000000;237.25;241.99;236.36;241.8;48958470;0
SBER;D;20190619;000000;242.95;242.95;238.7;240.4;33945380;0
SBER;D;20190620;000000;242;244.99;241.4;244.1;64381820;0
SBER;D;20190621;000000;243;243.9;237.56;238.02;61061660;0
SBER;D;20190624;000000;239.06;240.75;238.42;239.09;27723430;0
SBER;D;20190625;000000;238.98;239.2;234.2;236.7;38549170;0
SBER;D;20190626;000000;236.8;241.37;235.81;240.59;39714300;0
SBER;D;20190627;000000;240.42;242.44;238.3;240.5;48171380;0
SBER;D;20190628;000000;240;241.23;237.87;238.55;33405070;0
SBER;D;20190701;000000;240.98;243.9;240.21;242.98;50758220;0
SBER;D;20190702;000000;242.51;242.74;239.7;241.2;28583620;0
SBER;D;20190703;000000;241;243.7;240.17;241.51;32731470;0
SBER;D;20190704;000000;241.97;243;240.81;242.82;25316980;0
SBER;D;20190705;000000;242.91;243.5;241.61;242.83;27870840;0
SBER;D;20190708;000000;242.13;243.3;240.68;243.3;28620550;0
SBER;D;20190709;000000;243;243.7;241.87;242.74;26380230;0
SBER;D;20190710;000000;243.1;245.5;242.01;243.76;41599760;0
SBER;D;20190711;000000;244.5;244.97;240.17;241.3;33165890;0
SBER;D;20190712;000000;241.29;241.5;236.37;237.02;47691520;0
SBER;D;20190715;000000;237.9;238.59;234.23;235.27;45070430;0
SBER;D;20190716;000000;234.68;235.3;232.25;234.75;36223090;0
SBER;D;20190717;000000;234.32;238.04;233.5;234.63;33529510;0
SBER;D;20190718;000000;234;236.4;233.5;234.78;23057060;0
SBER;D;20190719;000000;236.34;237.93;232.32;232.85;34706170;0
SBER;D;20190722;000000;233;233.98;228.57;230.35;37949300;0
SBER;D;20190723;000000;230.5;232.83;228.52;232.48;36363560;0
SBER;D;20190724;000000;233.7;234;229.9;230.65;27365890;0
SBER;D;20190725;000000;230;234.65;229.02;232.9;33078390;0
SBER;D;20190726;000000;232.4;233.99;230.25;230.55;25918140;0
SBER;D;20190729;000000;230.75;233.74;230.18;232.8;18373570;0
SBER;D;20190730;000000;233.03;236;231.13;236;34843870;0
SBER;D;20190731;000000;237.5;237.55;233.11;233.49;50848520;0
SBER;D;20190801;000000;232.15;232.46;228.5;229.5;56165810;0
SBER;D;20190802;000000;224.91;226.88;220.3;220.81;94676140;0
SBER;D;20190805;000000;219.72;224;219.45;222.24;49233230;0
SBER;D;20190806;000000;222.82;226.88;222.3;226.01;48804210;0
SBER;D;20190807;000000;225.85;227.6;221.9;222.25;49612760;0
SBER;D;20190808;000000;224.6;225.9;223.18;223.93;31264340;0
SBER;D;20190809;000000;224.05;224.36;220.67;220.67;31503650;0
SBER;D;20190812;000000;222.38;222.99;219.74;222.3;28795640;0
SBER;D;20190813;000000;221.31;225.75;220.07;223.18;46729240;0
SBER;D;20190814;000000;224.1;224.25;216.6;217.11;52025460;0
SBER;D;20190815;000000;218.5;218.94;212.88;214.59;68320490;0
SBER;D;20190816;000000;215.9;216.75;213.91;215.05;38449500;0
SBER;D;20190819;000000;217;218.2;214.06;217.4;37788830;0
SBER;D;20190820;000000;217.75;219.23;215.53;216;37017510;0
SBER;D;20190821;000000;216.97;219.5;215.8;218.62;42949600;0
SBER;D;20190822;000000;218.21;220.4;217.35;219.5;45760130;0
SBER;D;20190823;000000;220.2;223.1;217.86;219.5;54778400;0
SBER;D;20190826;000000;217.5;219.64;216.53;218.5;35264670;0
SBER;D;20190827;000000;218.95;219.05;215.61;217.89;51340690;0
SBER;D;20190828;000000;218.07;219.08;217.18;218.3;30298300;0
SBER;D;20190829;000000;218.49;221.5;218.05;221.5;35897160;0
SBER;D;20190830;000000;221.94;225.2;221.21;224.2;58186220;0
SBER;D;20190902;000000;224.1;227.84;223.41;226.68;38941480;0
SBER;D;20190903;000000;225.95;226.25;222.05;224;44560910;0
SBER;D;20190904;000000;225.3;227.5;224.69;227.1;41663520;0
SBER;D;20190905;000000;229.5;230.93;228.36;230.79;54900790;0
SBER;D;20190906;000000;231;231.2;228.36;229.02;37942350;0
SBER;D;20190909;000000;229.88;230.87;227.61;229;22795060;0
SBER;D;20190910;000000;228.5;235.23;227.1;233.3;60396660;0
SBER;D;20190911;000000;233.49;235.9;232.62;234.72;41927500;0
SBER;D;20190912;000000;234.9;235.42;232.81;234.57;38978190;0
SBER;D;20190913;000000;234.12;235;231.91;233;23109620;0
SBER;D;20190916;000000;235;235.53;233.2;235.32;39568910;0
SBER;D;20190917;000000;235.22;237.2;233.99;235.89;55770430;0
SBER;D;20190918;000000;235.8;236.45;234.45;235.3;25599810;0
SBER;D;20190919;000000;234.86;235.49;233.12;234.98;39447820;0
SBER;D;20190920;000000;235;235.5;230.72;232;40638980;0
SBER;D;20190923;000000;231.7;232.17;229.05;229.7;28199640;0
SBER;D;20190924;000000;230;231.99;227.11;227.5;43410340;0
SBER;D;20190925;000000;226.5;228.3;225.3;228.09;37974670;0
SBER;D;20190926;000000;228.21;230.9;227.71;229.09;32739690;0
SBER;D;20190927;000000;229.2;229.96;228.05;228.05;18062510;0
SBER;D;20190930;000000;228.5;229;226.05;227.71;30235910;0
SBER;D;20191001;000000;227.55;229.56;226.49;226.49;29870590;0
SBER;D;20191002;000000;226.05;226.63;223.03;223.5;42441850;0
SBER;D;20191003;000000;223.6;225.64;222.61;224.08;38368040;0
SBER;D;20191004;000000;224.9;226.06;221.87;222.76;32222650;0
SBER;D;20191007;000000;223.13;227.8;222.41;227.55;40155510;0
SBER;D;20191008;000000;227.77;228.18;225.15;226.03;31019500;0
SBER;D;20191009;000000;226.03;229;225.52;227.7;39714120;0
SBER;D;20191010;000000;227.89;228.94;225.62;228.5;31717090;0
SBER;D;20191011;000000;229.5;231.2;228.97;230.31;37497240;0
SBER;D;20191014;000000;230.29;230.67;227.82;228.4;34628680;0
SBER;D;20191015;000000;228.78;229.88;227;229.4;30763750;0
SBER;D;20191016;000000;229.05;231.2;229.05;231;39214000;0
SBER;D;20191017;000000;230.7;233.5;230.52;233.5;46007620;0
SBER;D;20191018;000000;233.2;236.03;232.8;235.55;42729350;0
SBER;D;20191021;000000;236;236.88;234.04;234.94;28457490;0
SBER;D;20191022;000000;235.02;239.77;235;239.77;40298890;0
SBER;D;20191023;000000;239.2;240.18;237.76;239.57;34655410;0
SBER;D;20191024;000000;239.63;242.78;239.06;242.78;40384770;0
SBER;D;20191025;000000;242.52;242.77;237.85;240;49789040;0
SBER;D;20191028;000000;240.5;242.33;235.25;237.03;39049350;0
SBER;D;20191029;000000;237.1;240.2;236;240.11;41494140;0
SBER;D;20191030;000000;239.69;242.2;237.85;239.51;43597180;0
SBER;D;20191031;000000;240.7;242;234.01;234.89;60316780;0
SBER;D;20191101;000000;235.35;236.74;232.8;236.4;39229280;0
SBER;D;20191105;000000;239.6;240.98;236.7;238.53;43691630;0
SBER;D;20191106;000000;238.42;239.02;236.52;239.02;33409220;0
SBER;D;20191107;000000;238.11;242.95;237.71;242.5;44689490;0
SBER;D;20191108;000000;241.42;241.68;238.7;240.17;30570360;0
SBER;D;20191111;000000;239;242.4;238.31;241.5;27141630;0
SBER;D;20191112;000000;241.9;243.74;239.5;239.87;35518510;0
SBER;D;20191113;000000;238.91;239.57;235.81;237.21;31448020;0
SBER;D;20191114;000000;237.62;239.13;236.82;237.5;34330750;0
SBER;D;20191115;000000;237.9;240.18;236.45;240;30696890;0
SBER;D;20191118;000000;240.57;241.23;236.36;237.45;32959720;0
SBER;D;20191119;000000;237.6;239.82;237.2;239.25;29135880;0
SBER;D;20191120;000000;238.6;240.2;237.1;237.78;28102170;0
SBER;D;20191121;000000;237.44;238;235.8;237.15;24654430;0
SBER;D;20191122;000000;236.59;240.19;236.53;238.13;33570690;0
SBER;D;20191125;000000;238.68;239.75;237.21;237.98;17558180;0
SBER;D;20191126;000000;238.08;238.1;234.35;235;58341360;0
SBER;D;20191127;000000;235.26;236.45;233.51;234.22;21885350;0
SBER;D;20191128;000000;234.2;235.5;233.1;235.2;18855690;0
SBER;D;20191129;000000;234.65;235.14;231.97;233.98;27285350;0
SBER;D;20191202;000000;234.59;236.37;233;233.77;28216350;0
SBER;D;20191203;000000;233.49;234.06;230.13;230.66;26687260;0
SBER;D;20191204;000000;230.72;232.24;229.5;231.59;24314550;0
SBER;D;20191205;000000;231.89;232.15;229.03;231.71;23210580;0
SBER;D;20191206;000000;232;235.14;231.55;235.14;33286170;0
SBER;D;20191209;000000;235.5;237.5;234.3;237.04;31774040;0
SBER;D;20191210;000000;236.6;239.29;236;237.91;36098910;0
SBER;D;20191211;000000;237.81;241.23;237.7;240.32;44167850;0
SBER;D;20191212;000000;242;242.3;240.09;241.05;36174650;0
SBER;D;20191213;000000;242;243.25;241.1;241.21;33163750;0
SBER;D;20191216;000000;242.48;242.48;240.13;241.45;25624180;0
SBER;D;20191217;000000;241.8;242.96;241;241.6;33841520;0
SBER;D;20191218;000000;241.3;246.25;240.36;246.2;55765490;0
SBER;D;20191219;000000;246.2;248.4;243.1;244;59951760;0
SBER;D;20191220;000000;244.6;245.4;243.72;244.71;32957750;0
SBER;D;20191223;000000;244.71;249.19;244.07;248.8;23996810;0
SBER;D;20191224;000000;248.8;249.89;247.27;248.67;21062040;0
SBER;D;20191225;000000;248.99;249.3;247.11;248.04;7921260;0
SBER;D;20191226;000000;248.2;249.24;246.71;248.24;12989080;0
SBER;D;20191227;000000;248.55;252.95;248.55;252.06;31982760;0
SBER;D;20191230;000000;252.1;256;250.73;254.75;43157360;0
SBER;D;20200103;000000;255.99;258.19;253.7;255;35851840;0
SBER;D;20200106;000000;254.75;254.84;251.4;253.9;22348300;0
SBER;D;20200108;000000;253.57;259.15;253.03;259.15;40817240;0
SBER;D;20200109;000000;259.4;261.76;257.01;257.99;38329020;0
SBER;D;20200110;000000;257.86;259.25;256.88;258.19;18851390;0
SBER;D;20200113;000000;258.3;262.4;257.15;262.4;25855010;0
SBER;D;20200114;000000;262.5;263.22;258.62;259.05;31125740;0
SBER;D;20200115;000000;258.49;258.91;254.21;256.31;49361790;0
SBER;D;20200116;000000;257.11;259.51;256.1;257.51;40246770;0
SBER;D;20200117;000000;258.2;262.82;257.75;262.5;44914290;0
SBER;D;20200120;000000;263.2;266.97;261.8;266.28;29797710;0
SBER;D;20200121;000000;265.5;268.9;263.02;268.06;38082090;0
SBER;D;20200122;000000;268.72;270.8;265.5;266.54;44282490;0
SBER;D;20200123;000000;264.64;266.89;262.24;263.73;40604170;0
SBER;D;20200124;000000;264.5;267.5;264.21;265.49;27340100;0
SBER;D;20200127;000000;261;262.1;255.32;255.32;56453370;0
SBER;D;20200128;000000;257;258.84;254.1;257.7;48137360;0
SBER;D;20200129;000000;258.4;261.57;257.61;259.94;35047940;0
SBER;D;20200130;000000;258;258.69;255.27;257.31;31769340;0
SBER;D;20200131;000000;258.5;259.2;252.17;252.2;47921560;0
SBER;D;20200203;000000;251.8;254.96;251.1;253.99;52728460;0
SBER;D;20200204;000000;255.3;257.38;252.9;255.4;49786360;0
SBER;D;20200205;000000;255.89;257.66;253.14;255.2;50756570;0
SBER;D;20200206;000000;256.5;258;251.86;252.11;43615980;0
SBER;D;20200207;000000;253.1;254.3;248.73;254.3;50226630;0
SBER;D;20200210;000000;254.55;255.73;252.07;252.26;35220690;0
SBER;D;20200211;000000;253.75;259.77;253;254.5;79454730;0
SBER;D;20200212;000000;255.4;255.49;252.31;254.5;52523300;0
SBER;D;20200213;000000;253.62;255.18;252.5;253.89;36730840;0
SBER;D;20200214;000000;254.4;254.4;251.4;251.75;30017380;0
SBER;D;20200217;000000;252.5;253.1;250.13;251.36;26429380;0
SBER;D;20200218;000000;250.07;250.44;247.57;249.2;36365950;0
SBER;D;20200219;000000;250.37;250.68;247.95;249.7;25798890;0
SBER;D;20200220;000000;250.03;252.17;249.13;250.15;30717360;0
SBER;D;20200221;000000;248.35;251.49;247.24;250.8;27762930;0
SBER;D;20200225;000000;247.98;249;245.17;245.19;41055780;0
SBER;D;20200226;000000;244.75;251.21;243.22;250.8;67757850;0
SBER;D;20200227;000000;247.5;248.98;242;242.88;58240400;0
SBER;D;20200228;000000;235;239;231;233.36;124633310;0
SBER;D;20200302;000000;238.93;241;218.86;228.17;101986040;0
SBER;D;20200303;000000;233;239;232.28;236.63;83653950;0
SBER;D;20200304;000000;234.13;236.7;232.62;235.27;54274670;0
SBER;D;20200305;000000;237;238.72;230.64;232.33;57083760;0
SBER;D;20200306;000000;228;229.2;216.67;219.99;104446900;0
SBER;D;20200310;000000;197.99;212.74;184.86;201.2;244541800;0
SBER;D;20200311;000000;202;204.33;192.05;194.53;138304030;0
SBER;D;20200312;000000;185.15;187.87;173.14;175.91;197972880;0
SBER;D;20200313;000000;175;199.52;174.3;198.6;263038280;0
SBER;D;20200316;000000;194;196.7;186;195.85;174273600;0
SBER;D;20200317;000000;195;204.78;183.8;184.01;184148390;0
SBER;D;20200318;000000;179;182.2;172.15;174.27;155008180;0
SBER;D;20200319;000000;178.5;190.15;173.06;189.51;187427700;0
SBER;D;20200320;000000;198.62;201.86;192.05;195.69;170582970;0
SBER;D;20200323;000000;188;190.99;182.1;183.37;157891450;0
SBER;D;20200324;000000;193.3;195;189.1;192.64;104881990;0
SBER;D;20200325;000000;196.38;201;182.32;188.08;187978350;0
SBER;D;20200326;000000;187.69;191.2;182.8;188.07;111602370;0
SBER;D;20200327;000000;188.05;188.97;180.17;180.38;114277750;0
SBER;D;20200330;000000;177;183.2;174.9;183;94334680;0
SBER;D;20200331;000000;186;188.77;184.25;187.21;114026920;0
SBER;D;20200401;000000;183.2;185.47;182;184.78;76826820;0
SBER;D;20200402;000000;188.3;189.9;182;186.95;125636360;0
SBER;D;20200403;000000;186.6;187.49;184.28;185.64;92860290;0
SBER;D;20200406;000000;187.52;192.02;186.42;190.7;77864920;0
SBER;D;20200407;000000;193.02;200.54;193.02;197.63;136421670;0
SBER;D;20200408;000000;196.02;200.29;195.12;200.29;89980980;0
SBER;D;20200409;000000;202.4;205.44;199.3;203.61;109981630;0
SBER;D;20200410;000000;201.85;202.75;200.7;201.99;28758250;0
SBER;D;20200413;000000;202;202.16;197.32;198.26;41284390;0
SBER;D;20200414;000000;199.99;202.85;196.1;197.37;80220070;0
SBER;D;20200415;000000;196;196.25;186.06;186.07;98164460;0
SBER;D;20200416;000000;187.22;191.67;183.53;188.5;109174870;0
SBER;D;20200417;000000;192.5;192.7;188.28;191.8;71727940;0
SBER;D;20200420;000000;190.6;192.23;187.31;189.32;62240080;0
SBER;D;20200421;000000;185.54;187.5;183.65;186.05;94307290;0
SBER;D;20200422;000000;185.01;191.94;184.5;190.2;75361890;0
SBER;D;20200423;000000;191.99;192.5;188.68;190.94;62759650;0
SBER;D;20200424;000000;189.73;191.65;187.7;188.91;55313850;0
SBER;D;20200427;000000;189.98;190.5;188.43;188.9;43711720;0
SBER;D;20200428;000000;188.5;194.22;188.17;192.8;78584780;0
SBER;D;20200429;000000;194.46;195.8;192.86;195.8;69842140;0
SBER;D;20200430;000000;196.51;199.7;195.46;197.25;87198650;0
SBER;D;20200504;000000;195.68;195.68;193.26;193.69;56398200;0
SBER;D;20200505;000000;195.51;196.46;194;194.75;35439260;0
SBER;D;20200506;000000;195;197.23;194.3;195.7;49561410;0
SBER;D;20200507;000000;196;198.15;195.06;195.51;57728990;0
SBER;D;20200508;000000;196;196.25;194.6;196.02;33836340;0
SBER;D;20200512;000000;193.3;198;191.2;191.4;67656880;0
SBER;D;20200513;000000;190.05;190.6;186.66;187.31;63466110;0
SBER;D;20200514;000000;186.5;188.2;183.5;183.81;76682120;0
SBER;D;20200515;000000;186.13;186.78;183.33;183.85;63148140;0
SBER;D;20200518;000000;186.33;190;185.4;188.93;77545890;0
SBER;D;20200519;000000;190.37;192.55;186.8;189;105324020;0
SBER;D;20200520;000000;188.49;193.98;186.6;193.98;93343040;0
SBER;D;20200521;000000;194;196.31;191.5;192.4;79541950;0
SBER;D;20200522;000000;190.97;191.25;188.6;188.9;57013570;0
SBER;D;20200525;000000;189.62;191.31;188.8;191;23140090;0
SBER;D;20200526;000000;193;196.1;192.11;194;79312200;0
SBER;D;20200527;000000;194;198.97;193.32;198.51;116074210;0
SBER;D;20200528;000000;199.31;205;198.4;205;117179670;0
SBER;D;20200529;000000;204.11;204.4;199.17;200.5;106653140;0
SBER;D;20200601;000000;203.1;205.93;201.81;203.66;65650670;0
SBER;D;20200602;000000;204.67;212;204;212;116868310;0
SBER;D;20200603;000000;214;221.92;213.51;221.5;145043730;0
SBER;D;20200604;000000;220.67;221;212.55;213.1;122494020;0
SBER;D;20200605;000000;215.13;219.93;213.6;219.1;88658860;0
SBER;D;20200608;000000;219.8;223.15;217.45;220.3;88826700;0
SBER;D;20200609;000000;221.13;221.88;215.44;217.23;69166250;0
SBER;D;20200610;000000;217;217.58;211.82;212.53;91895460;0
SBER;D;20200611;000000;208.91;209.24;206.01;208.35;70033060;0
SBER;D;20200615;000000;205.07;207.85;202.3;207.32;75996510;0
SBER;D;20200616;000000;210.28;212.19;207.52;207.76;66559110;0
SBER;D;20200617;000000;208.52;210.35;206.94;208.14;56578870;0
SBER;D;20200618;000000;207.8;208.1;202.72;203.77;72275760;0
SBER;D;20200619;000000;205.44;209.2;204.55;207;75045510;0
SBER;D;20200622;000000;206.7;207.95;204.28;206.4;58664110;0
SBER;D;20200623;000000;207.7;209.74;206.43;207.3;53487940;0
SBER;D;20200625;000000;201;207;200.75;206.92;71495220;0
SBER;D;20200626;000000;206.97;207.5;201.76;203.15;46690640;0
SBER;D;20200629;000000;201;205.86;200.97;205.8;43082680;0
SBER;D;20200630;000000;205.7;206;202.36;203.22;43754960;0
SBER;D;20200702;000000;205;210.15;204.28;209.6;76382050;0
SBER;D;20200703;000000;210;211.97;209;210.95;50644210;0
SBER;D;20200706;000000;212.97;216.79;212.94;214.61;55455110;0
SBER;D;20200707;000000;213;214.23;210.51;210.53;44728560;0
SBER;D;20200708;000000;210.8;212.29;209.3;210.97;42068480;0
SBER;D;20200709;000000;210.7;211.7;208.1;209.11;45189000;0
SBER;D;20200710;000000;207.51;212.6;206.57;212.28;50706520;0
SBER;D;20200713;000000;213.87;214.2;208.11;208.39;51331610;0
SBER;D;20200714;000000;208.38;209.58;205.7;209.5;66035020;0
SBER;D;20200715;000000;210.29;211.8;207.65;211.09;49529010;0
SBER;D;20200716;000000;209.66;212.6;208.63;211.35;39030370;0
SBER;D;20200717;000000;211.69;212.18;209.86;210.81;36140220;0
SBER;D;20200720;000000;210.27;214.48;209.08;213.89;44507600;0
SBER;D;20200721;000000;215;219.1;214.38;215.73;75649160;0
SBER;D;20200722;000000;215.98;217.65;213.56;216.71;48441000;0
SBER;D;20200723;000000;217.5;219.28;215;215.41;43424820;0
SBER;D;20200724;000000;214.8;217.41;197.73;215.97;53567220;0
SBER;D;20200727;000000;216.7;218.38;215.15;216.9;38321750;0
SBER;D;20200728;000000;216.81;217.42;215.25;215.53;24610340;0
SBER;D;20200729;000000;215.89;219.18;215.63;219.18;41346230;0
SBER;D;20200730;000000;218.71;218.88;215.34;218.15;51264970;0
SBER;D;20200731;000000;218.19;221.98;217.43;221.57;59709710;0
SBER;D;20200803;000000;222.27;228.36;221.3;226.72;64556650;0
SBER;D;20200804;000000;227.39;228.85;225.63;227.16;42017490;0
SBER;D;20200805;000000;228.15;229.17;224.31;226.4;54642900;0
SBER;D;20200806;000000;226.75;227.43;224.35;226;30164090;0
SBER;D;20200807;000000;225;227.6;224.46;227.28;35640160;0
SBER;D;20200810;000000;227.96;228.7;224.51;225.99;43502880;0
SBER;D;20200811;000000;226.43;234.73;226.21;232.65;81875170;0
SBER;D;20200812;000000;233.12;242.5;233.03;242.4;101002270;0
SBER;D;20200813;000000;242.2;244.04;238.57;241.39;85720330;0
SBER;D;20200814;000000;242;242.22;238.47;239.99;44284550;0
SBER;D;20200817;000000;240.8;242.35;234.5;237.8;77120410;0
SBER;D;20200818;000000;236.88;239.83;235.69;236.3;36762880;0
SBER;D;20200819;000000;235.85;240.75;235.19;239.4;38234650;0
SBER;D;20200820;000000;238.44;238.51;230.33;232.48;116941150;0
SBER;D;20200821;000000;233.3;236.5;227.35;231.22;138913060;0
SBER;D;20200824;000000;232.5;233.7;230.2;231.81;44546800;0
SBER;D;20200825;000000;232.3;232.97;226.9;228.08;58979870;0
SBER;D;20200826;000000;228.3;229.4;224.7;227.8;75779450;0
SBER;D;20200827;000000;227.87;229.98;225.6;226.23;51031070;0
SBER;D;20200828;000000;227;228.1;225.19;226.3;40748090;0
SBER;D;20200831;000000;227;229.71;225;226.1;62015070;0
SBER;D;20200901;000000;226.7;227.97;226.01;227.64;37550370;0
SBER;D;20200902;000000;228.56;228.75;220.85;222.57;77854040;0
SBER;D;20200903;000000;221.67;224.23;218;218.32;69470720;0
SBER;D;20200904;000000;218;222.5;216.75;222.21;70670060;0
SBER;D;20200907;000000;221.5;224.2;220.5;221.32;59334960;0
SBER;D;20200908;000000;222;222.48;216.29;217.68;70024350;0
SBER;D;20200909;000000;217.01;218.88;216.8;218;48062980;0
SBER;D;20200910;000000;218.24;222.15;215.79;220.6;71198540;0
SBER;D;20200911;000000;221.46;223.15;219.75;221.07;45688920;0
SBER;D;20200914;000000;222.31;227.54;222.13;227.37;62906200;0
SBER;D;20200915;000000;228.22;231.95;227.39;231.5;61905270;0
SBER;D;20200916;000000;231.72;232.6;230.15;231.06;39605930;0
SBER;D;20200917;000000;229.1;231.75;228.57;231.46;49126710;0
SBER;D;20200918;000000;232;232.59;229;230.3;54624840;0
SBER;D;20200921;000000;229.88;230.07;223.49;226.25;70303620;0
SBER;D;20200922;000000;226;230.28;225.46;229.88;66622080;0
SBER;D;20200923;000000;230.02;232.1;227.61;228.5;71299220;0
SBER;D;20200924;000000;227.63;231.1;225.75;228.17;81995110;0
SBER;D;20200925;000000;229;229.3;226.25;228.24;60248340;0
SBER;D;20200928;000000;228.79;229.55;227.35;228.63;64519830;0
SBER;D;20200929;000000;228.88;228.88;223.1;225.48;90417190;0
SBER;D;20200930;000000;224.5;230.75;223.25;229.14;78604470;0
SBER;D;20201001;000000;229.08;229.9;226.86;227.23;77828210;0
SBER;D;20201002;000000;210.4;211.39;206.5;208.8;114322450;0
SBER;D;20201005;000000;209.65;210.69;207.72;208.89;45601880;0
SBER;D;20201006;000000;209;212.99;208.35;211.18;87529560;0
SBER;D;20201007;000000;211.3;212.66;209.03;210.6;62052620;0
SBER;D;20201008;000000;211.2;211.43;207.26;207.97;49545460;0
SBER;D;20201009;000000;208.47;208.96;204.4;205.38;65518060;0
SBER;D;20201012;000000;205.97;208.49;204.57;206.18;52321380;0
SBER;D;20201013;000000;205.92;207.64;204.77;205.03;46023280;0
SBER;D;20201014;000000;205.06;208;204.78;207.83;46840170;0
SBER;D;20201015;000000;207.46;207.57;201.95;203.85;76502030;0
SBER;D;20201016;000000;204.02;204.25;200.5;201.17;66258500;0
SBER;D;20201019;000000;201.55;204;201.55;202.78;47421400;0
SBER;D;20201020;000000;203;209.76;202.5;209.54;80919110;0
SBER;D;20201021;000000;210.04;213.25;208.9;210.33;82509750;0
SBER;D;20201022;000000;209.58;211.53;207.84;210.21;46859510;0
SBER;D;20201023;000000;210;214.73;209.15;214.5;75361490;0
SBER;D;20201026;000000;213.4;214.45;210.5;211.1;58921210;0
SBER;D;20201027;000000;211.5;212.29;206.66;207.64;61084680;0
SBER;D;20201028;000000;206.94;206.94;202.3;204.73;70171420;0
SBER;D;20201029;000000;206.5;207.33;203.64;205.58;91505270;0
SBER;D;20201030;000000;203.62;204.84;200.61;200.99;83659620;0
SBER;D;20201102;000000;200.45;204.59;196.15;204.5;82335660;0
SBER;D;20201103;000000;205.7;211.11;203.8;209.2;90368710;0
SBER;D;20201105;000000;214.4;218.65;211.43;216.7;152554980;0
SBER;D;20201106;000000;215.8;218.29;213;217.5;94997390;0
SBER;D;20201109;000000;220;231.3;218.7;228.05;217536750;0
SBER;D;20201110;000000;227;237.6;226.27;236.1;229603230;0
SBER;D;20201111;000000;237;245.98;236.89;244.2;234843470;0
SBER;D;20201112;000000;243.31;245.72;240.22;242.08;151436920;0
SBER;D;20201113;000000;242.01;244.14;238.62;242.99;106150870;0
SBER;D;20201116;000000;244.14;248.73;244;247.99;113945190;0
SBER;D;20201117;000000;248;249.84;243.41;245.7;94918470;0
SBER;D;20201118;000000;245.1;247.23;242.59;242.71;60088940;0
SBER;D;20201119;000000;242.5;243.49;237.34;240.27;97143730;0
SBER;D;20201120;000000;239.58;240.77;236.57;239.42;48799870;0
SBER;D;20201123;000000;240.45;243.87;238.52;239.7;74832280;0
SBER;D;20201124;000000;241.65;247.85;239.57;247.33;84515780;0
SBER;D;20201125;000000;248;252.2;246.55;251.91;133397740;0
SBER;D;20201126;000000;252.3;252.88;247.44;250.1;79917590;0
SBER;D;20201127;000000;250.3;252.26;248.03;251.59;51431130;0
SBER;D;20201130;000000;249.72;251;245.98;249.63;112141620;0
SBER;D;20201201;000000;250.75;260.99;249.8;260.81;132069500;0
SBER;D;20201202;000000;260.05;264.99;258.8;264.06;93452130;0
SBER;D;20201203;000000;264.5;264.63;260.85;263.14;62240840;0
SBER;D;20201204;000000;264.63;270.84;264.5;270;94637930;0
SBER;D;20201207;000000;269;276.13;268.1;274.36;94793660;0
SBER;D;20201208;000000;274.5;276.66;271.52;275.49;78859920;0
SBER;D;20201209;000000;276.4;279.42;275.87;276.89;73639980;0
SBER;D;20201210;000000;276.55;282.2;275.2;282.2;75658690;0
SBER;D;20201211;000000;282.5;284.6;279.78;283.73;76101950;0
SBER;D;20201214;000000;285.01;287.74;277.1;279.95;90415250;0
SBER;D;20201215;000000;278.53;283.76;276.07;278.7;84193230;0
SBER;D;20201216;000000;278;280.84;276.14;278.35;54748960;0
SBER;D;20201217;000000;279.81;285.16;276.54;278.5;92138550;0
SBER;D;20201218;000000;277.22;277.4;268.52;270.16;99271840;0
SBER;D;20201221;000000;266.2;267.34;259.7;261.79;120517950;0
SBER;D;20201222;000000;259.55;267.42;257.05;262.04;105490480;0
SBER;D;20201223;000000;262.25;270.29;260.22;270.1;67938790;0
SBER;D;20201224;000000;271.98;272.82;267.13;269.32;42614450;0
SBER;D;20201225;000000;269.97;271;268.28;270.64;11989750;0
SBER;D;20201228;000000;270.9;275.19;269.73;274.7;39043430;0
SBER;D;20201229;000000;275.91;276.43;271.26;272;39021610;0
SBER;D;20201230;000000;272.49;274.24;270.12;271.65;31530660;0
SBER;D;20210104;000000;274.67;276.6;270.61;272;48922920;0
SBER;D;20210105;000000;272.69;275.7;270.28;275.2;45583910;0
SBER;D;20210106;000000;275.94;275.94;271.62;272.93;40948520;0
SBER;D;20210108;000000;275.11;283.99;275.11;283.64;88928790;0
SBER;D;20210111;000000;282.86;292.95;279.48;289.49;112349520;0
SBER;D;20210112;000000;290.88;296.07;286.7;289.99;78962360;0
SBER;D;20210113;000000;291.01;292.46;283.1;283.78;67559080;0
SBER;D;20210114;000000;284;286.9;279.06;284.79;74673700;0
SBER;D;20210115;000000;282.55;286.16;276;276.9;73774870;0
SBER;D;20210118;000000;275.72;281.3;272.95;279.79;73935650;0
SBER;D;20210119;000000;280.98;282.8;276.42;278.19;55998820;0
SBER;D;20210120;000000;278.62;282.49;276.77;279.8;47940980;0
SBER;D;20210121;000000;280.75;281.54;272.84;274.4;83795610;0
SBER;D;20210122;000000;273;273.3;266.78;268.25;87007610;0
SBER;D;20210125;000000;271;273.63;261.65;265.3;114330950;0
SBER;D;20210126;000000;262.7;269.57;262.61;269.34;75228120;0
SBER;D;20210127;000000;270.07;273.8;265.02;265.5;100093260;0
SBER;D;20210128;000000;263.5;267.17;261.17;265.96;81253290;0
SBER;D;20210129;000000;263.77;264.75;257.36;258.11;120123710;0
SBER;D;20210201;000000;260;264.06;258.73;263.8;63130400;0
SBER;D;20210202;000000;265;268.39;263.05;263.15;79534190;0
SBER;D;20210203;000000;264.32;268.14;261.05;263.53;77648760;0
SBER;D;20210204;000000;263.21;270.6;262.34;270.11;78929290;0
SBER;D;20210205;000000;271.99;272.57;268.87;271.7;71806820;0
SBER;D;20210208;000000;273.01;275.58;272.32;275.2;51878390;0
SBER;D;20210209;000000;275.99;276.29;267.19;268.98;91921510;0
SBER;D;20210210;000000;269.28;270.99;265.2;265.9;63087490;0
SBER;D;20210211;000000;265.5;266.9;263.75;264.7;38669800;0
SBER;D;20210212;000000;264;266.44;258.55;266;81658530;0
SBER;D;20210215;000000;268.49;271.87;267.07;271.81;56945310;0
SBER;D;20210216;000000;272.3;272.8;268.27;270.9;63103170;0
SBER;D;20210217;000000;270.99;275.07;267.56;270.9;79103850;0
SBER;D;20210218;000000;270.35;272.46;266.21;266.99;58729690;0
SBER;D;20210219;000000;266.12;272.81;264.19;271.34;59268550;0
SBER;D;20210220;000000;271;271;269.02;270.51;8763250;0
SBER;D;20210222;000000;270.1;274.46;268.12;273.71;48129770;0
SBER;D;20210224;000000;272.12;272.75;269.42;271.9;64190320;0
SBER;D;20210225;000000;273.6;276.48;270.65;270.71;79716010;0
SBER;D;20210226;000000;268;272.49;266.43;270.17;74892050;0
SBER;D;20210301;000000;273;274.73;271.13;273.58;35962010;0
SBER;D;20210302;000000;271.89;280;271.6;279.1;71566360;0
SBER;D;20210303;000000;281.7;283.83;277.63;278.01;64275320;0
SBER;D;20210304;000000;278.5;281.96;273.63;274.75;91991370;0
SBER;D;20210305;000000;276;278.98;272.76;277.5;83551110;0
SBER;D;20210309;000000;278.8;286.38;277.56;285.79;72788180;0
SBER;D;20210310;000000;285.24;288;281;282.24;55155180;0
SBER;D;20210311;000000;283.84;286.38;282.3;286;47365180;0
SBER;D;20210312;000000;286.3;287.49;282.82;284.93;51540190;0
SBER;D;20210315;000000;286.05;292.92;285.28;292.74;67805740;0
SBER;D;20210316;000000;293.06;293.88;288.61;292.33;53921730;0
SBER;D;20210317;000000;292.35;293.25;279.6;283.35;110292330;0
SBER;D;20210318;000000;284.04;285.79;278.24;279.25;74128740;0
SBER;D;20210319;000000;279;286.31;278.03;285.47;84249430;0
SBER;D;20210322;000000;285;291.2;283.08;288.65;62762410;0
SBER;D;20210323;000000;287.56;288.3;282.11;282.6;70760630;0
SBER;D;20210324;000000;283.4;288;282.25;285.79;46411230;0
SBER;D;20210325;000000;286.5;287.03;283.85;286.66;35216620;0
SBER;D;20210326;000000;288.63;292.75;288.32;291.22;56072880;0
SBER;D;20210329;000000;289.72;294.09;289.26;293.3;43681330;0
SBER;D;20210330;000000;294.86;295.72;291.5;293.25;38806220;0
SBER;D;20210331;000000;294;294.42;290.26;291.02;46996880;0
SBER;D;20210401;000000;292;294.72;288.43;290.24;51601440;0
SBER;D;20210402;000000;290.81;292.4;289.14;291.7;19279180;0
SBER;D;20210405;000000;290.8;291.48;287.07;288.78;35363370;0
SBER;D;20210406;000000;289;289.43;281.37;281.5;77530890;0
SBER;D;20210407;000000;281.68;284.29;278.54;283.98;74146060;0
SBER;D;20210408;000000;284.88;286.2;282.17;283.89;51289780;0
SBER;D;20210409;000000;283.47;283.79;280.09;281.07;40033420;0
SBER;D;20210412;000000;278.2;285.35;278;281.75;57180030;0
SBER;D;20210413;000000;282.93;288.2;281.14;287.95;67973530;0
SBER;D;20210414;000000;290;291.58;286.72;287.18;59364940;0
SBER;D;20210415;000000;281.5;285.19;280.87;283.72;88048600;0
SBER;D;20210416;000000;285.71;289.3;284.08;288.5;63499000;0
SBER;D;20210419;000000;287.86;289.25;286.04;287.72;51327720;0
SBER;D;20210420;000000;288.9;290.92;286.59;287.42;63197880;0
SBER;D;20210421;000000;288.01;290.2;287.06;289.25;49792800;0
SBER;D;20210422;000000;289.04;294.67;286.93;292.18;73632070;0
SBER;D;20210423;000000;293.1;294.2;290.78;293.19;42651330;0
SBER;D;20210426;000000;294.3;296.48;293.1;295.27;45760050;0
SBER;D;20210427;000000;295.74;300.25;295.61;298.5;62853160;0
SBER;D;20210428;000000;299;299.26;295.89;298.49;40622520;0
SBER;D;20210429;000000;301;301.84;294.79;297.1;57082260;0
SBER;D;20210430;000000;296.92;298.1;295.03;297.73;35679650;0
SBER;D;20210504;000000;298.7;304.23;298.2;303.7;60457530;0
SBER;D;20210505;000000;304.01;306.03;302.71;305.99;41715270;0
SBER;D;20210506;000000;306.29;314.98;306.25;314.72;62565270;0
SBER;D;20210507;000000;316;319.16;315.48;317.94;56433970;0
SBER;D;20210510;000000;318.26;320.19;314.31;320.19;59248110;0
SBER;D;20210511;000000;303;309.48;301;307.16;79945470;0
SBER;D;20210512;000000;307.39;309.24;302;302.02;56142830;0
SBER;D;20210513;000000;302.11;306.86;299.33;306.74;57721460;0
SBER;D;20210514;000000;308.2;308.24;302.33;304.1;26858430;0
SBER;D;20210517;000000;303.5;305.24;301.01;303.94;28384220;0
SBER;D;20210518;000000;305.01;306.62;303.33;305.78;35496400;0
SBER;D;20210519;000000;304.38;304.88;295.1;297;71747950;0
SBER;D;20210520;000000;297.94;298.37;293;296.72;58510610;0
SBER;D;20210521;000000;296.85;302.98;294.9;301.23;51415080;0
SBER;D;20210524;000000;302.02;304.75;299.59;300.7;30831530;0
SBER;D;20210525;000000;301.77;307.4;301.57;306.8;37547680;0
SBER;D;20210526;000000;307.84;309.5;305.33;307.01;35358520;0
SBER;D;20210527;000000;306.39;313.9;305.72;312.72;70753690;0
SBER;D;20210528;000000;313.3;314;309.06;309.56;35484140;0
SBER;D;20210531;000000;309.3;312.6;308.82;310.79;23683010;0
SBER;D;20210601;000000;312.6;314.17;310.03;311.6;37655890;0
SBER;D;20210602;000000;311.6;314;310.61;313.98;27008780;0
SBER;D;20210603;000000;314.81;315.71;309.87;312.41;34546320;0
SBER;D;20210604;000000;313;313;307.6;310.94;37126650;0
SBER;D;20210607;000000;310.03;316;308.57;315.53;40197440;0
SBER;D;20210608;000000;315.29;316.18;312.5;314.83;34944620;0
SBER;D;20210609;000000;315;315.9;312.9;314.78;25152290;0
SBER;D;20210610;000000;314.87;316.58;313.76;314.62;29211800;0
SBER;D;20210611;000000;314.88;315.08;312.5;313;21924900;0
SBER;D;20210614;000000;313.48;314.87;310.4;314.12;25517710;0
SBER;D;20210615;000000;314.14;315.6;312.4;312.51;29741250;0
SBER;D;20210616;000000;312.5;314.54;311.03;311.61;38253860;0
SBER;D;20210617;000000;311;315.42;310.46;313.9;44322800;0
SBER;D;20210618;000000;312.9;313.82;308.13;309.3;62462450;0
SBER;D;20210621;000000;308.47;310.4;306.56;310.4;36129780;0
SBER;D;20210622;000000;310.79;311.17;308.13;309.73;23538080;0
SBER;D;20210623;000000;310.45;312;308.69;309.79;24831290;0
SBER;D;20210624;000000;309.8;311.2;308.84;310;19725240;0
SBER;D;20210625;000000;310.58;312.5;309.82;311.81;22598640;0
SBER;D;20210628;000000;311.77;312.06;309.13;309.48;19460180;0
SBER;D;20210629;000000;308.7;309.23;303.66;306.1;33944770;0
SBER;D;20210630;000000;306.19;306.91;303.34;306.45;31549580;0
SBER;D;20210701;000000;306;307.35;305;305.78;19989790;0
SBER;D;20210702;000000;305.52;308.37;304.71;307.39;28908330;0
SBER;D;20210705;000000;307.81;308.11;304.8;307;16509700;0
SBER;D;20210706;000000;307.32;307.59;302.37;303.34;32694440;0
SBER;D;20210707;000000;303.98;306.2;302.85;304.06;22676030;0
SBER;D;20210708;000000;303;304.3;300.62;302.63;30771300;0
SBER;D;20210709;000000;302.7;304.1;301.22;303.56;20527240;0
SBER;D;20210712;000000;303.55;306.27;301.52;306.23;25302270;0
SBER;D;20210713;000000;306.81;307.22;302.11;303;21270580;0
SBER;D;20210714;000000;302.7;303.69;300.74;301.5;23974320;0
SBER;D;20210715;000000;301.13;303.5;299.77;301.72;21111670;0
SBER;D;20210716;000000;302.05;304.78;298.57;298.85;34533280;0
SBER;D;20210719;000000;298;298.36;290.03;291.46;41320510;0
SBER;D;20210720;000000;292.33;296.8;292.3;296.1;35594130;0
SBER;D;20210721;000000;296;296.94;293.54;294.86;17541560;0
SBER;D;20210722;000000;295.77;298.17;294.43;297.27;20344800;0
SBER;D;20210723;000000;297.49;298.69;295.04;296.38;14967220;0
SBER;D;20210726;000000;294;303.68;291.98;303.34;34024050;0
SBER;D;20210727;000000;302.66;304.59;299.38;299.71;38608790;0
SBER;D;20210728;000000;300.43;302.98;300;302.9;27009120;0
SBER;D;20210729;000000;304.13;305.27;303.03;303.12;28037210;0
SBER;D;20210730;000000;302.48;306.67;301.12;305.59;49731920;0
SBER;D;20210802;000000;306.23;308.63;306.06;306.51;31593540;0
SBER;D;20210803;000000;306.31;309.89;306.25;309.89;33931370;0
SBER;D;20210804;000000;310.26;312;309.25;311.1;30932050;0
SBER;D;20210805;000000;311.02;315.91;310.82;315.82;37329160;0
SBER;D;20210806;000000;316.2;320;315.31;319.15;54141450;0
SBER;D;20210809;000000;318.59;328.3;317.62;326.91;72070400;0
SBER;D;20210810;000000;328.05;331.29;326.97;330.11;41541930;0
SBER;D;20210811;000000;330.7;330.98;326.21;329.9;34452160;0
SBER;D;20210812;000000;330;330.64;327.3;328.57;21002650;0
SBER;D;20210813;000000;328.6;330.27;327.31;328.68;18816130;0
SBER;D;20210816;000000;327.59;330.52;327.13;329.36;23953750;0
SBER;D;20210817;000000;329;335.7;328.55;334.5;42472520;0
SBER;D;20210818;000000;336;338.99;333.26;334.9;36356910;0
SBER;D;20210819;000000;333.5;334;329.1;332.69;46184030;0
SBER;D;20210820;000000;332.02;333.27;325.17;325.67;36393250;0
SBER;D;20210823;000000;327.85;329.81;326.55;329.22;20613110;0
SBER;D;20210824;000000;330.43;331.22;323.32;324.83;35762700;0
SBER;D;20210825;000000;324.3;325.32;321.26;324.57;28105390;0
SBER;D;20210826;000000;324.03;325.55;320.58;322.54;27529220;0
SBER;D;20210827;000000;323.71;327.5;321.8;327.41;27848390;0
SBER;D;20210830;000000;328.43;329.38;326.51;328.28;20402150;0
SBER;D;20210831;000000;328.5;330.48;327.3;327.94;32464730;0
SBER;D;20210901;000000;328.87;334.64;328.03;334.57;30698660;0
SBER;D;20210902;000000;334.67;334.91;328.77;329;31605740;0
SBER;D;20210903;000000;329.47;330.53;326.62;329.71;29626390;0
SBER;D;20210906;000000;330;331.45;328.5;329.37;17491440;0
SBER;D;20210907;000000;329.82;330.73;324.64;325.96;24448110;0
SBER;D;20210908;000000;325.96;332.74;322.84;331.7;47841520;0
SBER;D;20210909;000000;330.4;330.4;325.69;326.01;29962700;0
SBER;D;20210910;000000;328.01;328.43;325.21;326.25;17532340;0
SBER;D;20210913;000000;327.01;328.14;324.01;327.41;24365060;0
SBER;D;20210914;000000;327.45;328.84;325.48;326.48;22505240;0
SBER;D;20210915;000000;326.46;334.6;326.46;333.51;43834510;0
SBER;D;20210916;000000;333.04;334.5;324.91;326.99;62503480;0
SBER;D;20210917;000000;326.9;331.73;325.7;329.56;54126320;0
SBER;D;20210920;000000;327.01;328.85;325;326.92;31832600;0
SBER;D;20210921;000000;328.44;329.48;322.39;323.25;47769290;0
SBER;D;20210922;000000;325.28;328.9;322.5;327.8;38198960;0
SBER;D;20210923;000000;328.94;329.4;325.13;327.02;27071410;0
SBER;D;20210924;000000;326.08;326.23;323.62;325.44;24584330;0
SBER;D;20210927;000000;326.39;332.46;326.09;331.68;34410300;0
SBER;D;20210928;000000;332.07;334.48;328.32;329.3;52542880;0
SBER;D;20210929;000000;329.09;330.45;327.15;328.43;27649210;0
SBER;D;20210930;000000;329.98;342.2;329.45;340.99;83622260;0
SBER;D;20211001;000000;339.21;339.94;336.08;338.48;37690990;0
SBER;D;20211004;000000;337.9;349.31;336.22;345.85;60125260;0
SBER;D;20211005;000000;346.78;365;344.9;363.2;86824850;0
SBER;D;20211006;000000;366;375.48;359.35;364.28;95804990;0
SBER;D;20211007;000000;367.69;374;365.88;368.93;49555650;0
SBER;D;20211008;000000;370;374.55;368;373.01;31050580;0
SBER;D;20211011;000000;375;388.11;375;387.6;66699560;0
SBER;D;20211012;000000;385.88;386.86;376.72;377.79;51665490;0
SBER;D;20211013;000000;378.86;380.91;370.81;378.8;54687330;0
SBER;D;20211014;000000;382;383.13;374.57;376.09;36363890;0
SBER;D;20211015;000000;377.92;378.41;370.43;371.82;37369170;0
SBER;D;20211018;000000;369.35;369.91;363.75;364.6;38233180;0
SBER;D;20211019;000000;366.14;373.4;361.5;373.18;40031730;0
SBER;D;20211020;000000;371.83;371.97;367.1;370.16;27537590;0
SBER;D;20211021;000000;368.2;371.14;363.2;364.6;24501070;0
SBER;D;20211022;000000;364;370.39;362.37;364.37;26378840;0
SBER;D;20211025;000000;366.2;371.7;361.68;369.99;35639850;0
SBER;D;20211026;000000;369.89;374.63;365.66;372.16;41833770;0
SBER;D;20211027;000000;371;374;366.51;371.36;36450620;0
SBER;D;20211028;000000;370.5;374.92;362.32;365.36;53892680;0
SBER;D;20211029;000000;364.34;364.34;352.68;356.14;53541990;0
SBER;D;20211101;000000;356.15;371.47;356.14;370.96;55134640;0
SBER;D;20211102;000000;371;374;367.2;370.7;37723170;0
SBER;D;20211103;000000;370;370.5;365.03;370.13;30876610;0
SBER;D;20211105;000000;366.99;367.56;358.5;360.21;39229740;0
SBER;D;20211108;000000;362.57;363.97;355.6;358.39;39736440;0
SBER;D;20211109;000000;358.41;364.58;355.6;357.44;41718590;0
SBER;D;20211110;000000;356.7;358.8;348;348.65;46558110;0
SBER;D;20211111;000000;350.11;357.89;347.22;356.24;42915840;0
SBER;D;20211112;000000;356.24;356.37;339.68;347.59;100682800;0
SBER;D;20211115;000000;349.24;352.8;342.76;344.39;59973490;0
SBER;D;20211116;000000;345.99;346.47;336.01;337.91;61972880;0
SBER;D;20211117;000000;338.49;343.57;336.6;339.89;49773710;0
SBER;D;20211118;000000;338.97;343.12;333.5;336.93;47124100;0
SBER;D;20211119;000000;339.37;339.99;325.7;327.56;67114710;0
SBER;D;20211122;000000;326.05;326.39;306.67;309.15;144394030;0
SBER;D;20211123;000000;306.28;327.01;300.1;326.84;144887010;0
SBER;D;20211124;000000;328;329.97;317.35;321.22;77919580;0
SBER;D;20211125;000000;322.35;322.96;316.11;317.29;44075230;0
SBER;D;20211126;000000;307.14;312;303.22;304.42;90702260;0
SBER;D;20211129;000000;311.11;322.15;309.42;316.57;82626540;0
SBER;D;20211130;000000;311;318.58;310.09;315;98214880;0
SBER;D;20211201;000000;321.3;329.44;319.51;324.4;69948230;0
SBER;D;20211202;000000;325.4;329;320.54;326.8;61450200;0
SBER;D;20211203;000000;327.6;328.95;318.4;320.66;43107850;0
SBER;D;20211206;000000;322;324.16;304.18;307.5;99688200;0
SBER;D;20211207;000000;307.14;313.03;300.5;309.79;154172870;0
SBER;D;20211208;000000;310.99;316.88;291.57;296.95;241043180;0
SBER;D;20211209;000000;297.49;304.94;292.5;300.4;133933650;0
SBER;D;20211210;000000;300.5;304.28;294.43;297.44;82046160;0
SBER;D;20211213;000000;298.23;300.99;280.08;280.64;146312930;0
SBER;D;20211214;000000;280.2;286.09;261.5;284.9;176483200;0
SBER;D;20211215;000000;284.9;287.79;279.44;286.65;87523240;0
SBER;D;20211216;000000;287.7;298.7;286.2;295.89;134813120;0
SBER;D;20211217;000000;295;296.73;291.61;294.9;109770570;0
SBER;D;20211220;000000;293.11;293.11;285.63;288.4;79679000;0
SBER;D;20211221;000000;289.8;293.4;286.76;291.7;64934720;0
SBER;D;20211222;000000;291.8;297.23;289.23;294;63860480;0
SBER;D;20211223;000000;294.68;298.1;291.26;292.8;55534990;0
SBER;D;20211224;000000;292.92;294.18;289;293.89;37671250;0
SBER;D;20211227;000000;294.76;296;293.37;295.68;35734540;0
SBER;D;20211228;000000;295.84;297.55;294.18;295;37859030;0
SBER;D;20211229;000000;295.05;295.55;291.33;293.51;37673290;0
SBER;D;20211230;000000;293.6;294.89;291.52;293.49;42567960;0
