<TICKER>;<PER>;<DATE>;<TIME>;<OPEN>;<HIGH>;<LOW>;<CLOSE>;<VOL>;<OPENINT>
VTBR;D;20170103;000000;0.0738;0.0745;0.07326;0.07401;17909210000;0
VTBR;D;20170104;000000;0.07398;0.07433;0.07275;0.07315;13480260000;0
VTBR;D;20170105;000000;0.07326;0.07332;0.07105;0.07149;14362700000;0
VTBR;D;20170106;000000;0.07155;0.07155;0.0708;0.07097;11619480000;0
VTBR;D;20170109;000000;0.07134;0.07187;0.07033;0.07058;8232030000;0
VTBR;D;20170110;000000;0.07079;0.0714;0.0704;0.07125;17928930000;0
VTBR;D;20170111;000000;0.07106;0.07175;0.06992;0.07021;17917390000;0
VTBR;D;20170112;000000;0.07047;0.07047;0.06931;0.06955;11410060000;0
VTBR;D;20170113;000000;0.0697;0.06995;0.06841;0.06925;16567840000;0
VTBR;D;20170116;000000;0.0693;0.07027;0.0689;0.06941;7946350000;0
VTBR;D;20170117;000000;0.06956;0.06989;0.0691;0.06921;6149710000;0
VTBR;D;20170118;000000;0.0697;0.06974;0.06837;0.06861;22285370000;0
VTBR;D;20170119;000000;0.06862;0.06899;0.0684;0.06869;12391080000;0
VTBR;D;20170120;000000;0.06865;0.06891;0.06806;0.06843;8085880000;0
VTBR;D;20170123;000000;0.0687;0.0687;0.06785;0.06868;7105970000;0
VTBR;D;20170124;000000;0.06868;0.0693;0.06836;0.0685;12882230000;0
VTBR;D;20170125;000000;0.06865;0.0692;0.06827;0.0685;12128170000;0
VTBR;D;20170126;000000;0.0687;0.06995;0.06862;0.06909;28668990000;0
VTBR;D;20170127;000000;0.06937;0.07015;0.06885;0.0697;28131940000;0
VTBR;D;20170130;000000;0.06985;0.07075;0.06935;0.0694;14944670000;0
VTBR;D;20170131;000000;0.0693;0.0697;0.06851;0.06897;9945400000;0
VTBR;D;20170201;000000;0.06899;0.06949;0.06882;0.06947;6809580000;0
VTBR;D;20170202;000000;0.06948;0.0696;0.06868;0.06909;7276010000;0
VTBR;D;20170203;000000;0.06904;0.06935;0.06885;0.06929;7746180000;0
VTBR;D;20170206;000000;0.0696;0.0696;0.06843;0.06868;6651240000;0
VTBR;D;20170207;000000;0.06876;0.06895;0.06844;0.06879;4174260000;0
VTBR;D;20170208;000000;0.06878;0.06892;0.0683;0.0687;5290270000;0
VTBR;D;20170209;000000;0.0688;0.06892;0.06802;0.0687;5845030000;0
VTBR;D;20170210;000000;0.0687;0.06887;0.06826;0.06843;3687080000;0
VTBR;D;20170213;000000;0.0685;0.06886;0.06765;0.06816;9530000000;0
VTBR;D;20170214;000000;0.06772;0.06825;0.06722;0.06788;7010050000;0
VTBR;D;20170215;000000;0.06771;0.06885;0.0672;0.06777;9112850000;0
VTBR;D;20170216;000000;0.068;0.06818;0.06759;0.06799;4327210000;0
VTBR;D;20170217;000000;0.06825;0.06825;0.06755;0.06793;11266740000;0
VTBR;D;20170220;000000;0.0682;0.06839;0.06785;0.06799;4262040000;0
VTBR;D;20170221;000000;0.06807;0.0682;0.06736;0.06792;4574330000;0
VTBR;D;20170222;000000;0.06793;0.06793;0.06695;0.06742;7039020000;0
VTBR;D;20170224;000000;0.06744;0.06744;0.06675;0.06715;3717480000;0
VTBR;D;20170227;000000;0.06715;0.0672;0.06611;0.06675;15737820000;0
VTBR;D;20170228;000000;0.06655;0.06697;0.0655;0.06608;12859530000;0
VTBR;D;20170301;000000;0.0661;0.06725;0.06609;0.06725;9005080000;0
VTBR;D;20170302;000000;0.06711;0.06747;0.06572;0.066;11014830000;0
VTBR;D;20170303;000000;0.06595;0.066;0.0645;0.066;16182170000;0
VTBR;D;20170306;000000;0.06596;0.06629;0.06531;0.066;8208400000;0
VTBR;D;20170307;000000;0.0659;0.066;0.06476;0.066;18445620000;0
VTBR;D;20170309;000000;0.06536;0.0664;0.0635;0.0646;50222500000;0
VTBR;D;20170310;000000;0.06451;0.0657;0.06416;0.06505;25375650000;0
VTBR;D;20170313;000000;0.06505;0.0656;0.06427;0.06526;9468550000;0
VTBR;D;20170314;000000;0.06525;0.06555;0.06482;0.06506;7754020000;0
VTBR;D;20170315;000000;0.0652;0.06577;0.06503;0.06514;6355710000;0
VTBR;D;20170316;000000;0.06577;0.06603;0.06455;0.0655;17124260000;0
VTBR;D;20170317;000000;0.06503;0.0663;0.06503;0.06625;12914840000;0
VTBR;D;20170320;000000;0.06625;0.06729;0.06605;0.0672;14628740000;0
VTBR;D;20170321;000000;0.0673;0.06766;0.06626;0.0668;8736960000;0
VTBR;D;20170322;000000;0.06629;0.06698;0.06557;0.06697;8311870000;0
VTBR;D;20170323;000000;0.06697;0.0673;0.06611;0.06678;4701700000;0
VTBR;D;20170324;000000;0.06655;0.06678;0.06578;0.0664;6340360000;0
VTBR;D;20170327;000000;0.066;0.06619;0.06485;0.0655;7695330000;0
VTBR;D;20170328;000000;0.06525;0.06589;0.06512;0.06552;6142970000;0
VTBR;D;20170329;000000;0.06563;0.0662;0.0654;0.06619;4191450000;0
VTBR;D;20170330;000000;0.06611;0.067;0.06588;0.0668;6066040000;0
VTBR;D;20170331;000000;0.06692;0.06713;0.06582;0.06625;7523340000;0
VTBR;D;20170403;000000;0.06625;0.06686;0.06558;0.06686;8159240000;0
VTBR;D;20170404;000000;0.06666;0.06721;0.06628;0.0671;7304090000;0
VTBR;D;20170405;000000;0.06734;0.06784;0.06686;0.0669;7944190000;0
VTBR;D;20170406;000000;0.06679;0.06685;0.06595;0.06615;8609070000;0
VTBR;D;20170407;000000;0.06579;0.06614;0.06525;0.06559;10666100000;0
VTBR;D;20170410;000000;0.06522;0.0655;0.06356;0.06473;15328230000;0
VTBR;D;20170411;000000;0.06449;0.065;0.0638;0.0649;25615500000;0
VTBR;D;20170412;000000;0.06518;0.06518;0.0633;0.0641;9804850000;0
VTBR;D;20170413;000000;0.06398;0.06439;0.06287;0.064;16464840000;0
VTBR;D;20170414;000000;0.06356;0.0641;0.06292;0.06409;5410690000;0
VTBR;D;20170417;000000;0.06376;0.06432;0.06337;0.0642;3221780000;0
VTBR;D;20170418;000000;0.06444;0.06444;0.06325;0.064;7026550000;0
VTBR;D;20170419;000000;0.06394;0.064;0.0635;0.064;7640070000;0
VTBR;D;20170420;000000;0.06371;0.0644;0.06335;0.0644;11816430000;0
VTBR;D;20170421;000000;0.0645;0.06588;0.06415;0.065;10817490000;0
VTBR;D;20170424;000000;0.06561;0.0657;0.065;0.06515;6207350000;0
VTBR;D;20170425;000000;0.06515;0.0671;0.06502;0.06612;13070070000;0
VTBR;D;20170426;000000;0.06645;0.0685;0.0661;0.06843;14617870000;0
VTBR;D;20170427;000000;0.06825;0.0686;0.06664;0.06671;9738740000;0
VTBR;D;20170428;000000;0.06703;0.06775;0.06631;0.06671;8447070000;0
VTBR;D;20170502;000000;0.06692;0.06777;0.06672;0.06737;5987720000;0
VTBR;D;20170503;000000;0.06718;0.0681;0.06608;0.0675;9055010000;0
VTBR;D;20170504;000000;0.0676;0.06843;0.067;0.0671;9315320000;0
VTBR;D;20170505;000000;0.0664;0.06641;0.06539;0.06573;13381820000;0
VTBR;D;20170510;000000;0.06597;0.0669;0.06552;0.0669;6833000000;0
VTBR;D;20170511;000000;0.06677;0.06706;0.06586;0.06589;5146280000;0
VTBR;D;20170512;000000;0.06604;0.06614;0.06545;0.06567;3725700000;0
VTBR;D;20170515;000000;0.06563;0.06748;0.06563;0.0666;5944780000;0
VTBR;D;20170516;000000;0.0666;0.06847;0.06627;0.067;20243180000;0
VTBR;D;20170517;000000;0.0668;0.067;0.0661;0.0666;8448870000;0
VTBR;D;20170518;000000;0.06605;0.0667;0.06517;0.06554;11375580000;0
VTBR;D;20170519;000000;0.06565;0.06745;0.0654;0.06639;14226890000;0
VTBR;D;20170522;000000;0.06692;0.06692;0.06565;0.06565;7489710000;0
VTBR;D;20170523;000000;0.06551;0.06724;0.06551;0.06721;6670920000;0
VTBR;D;20170524;000000;0.06721;0.06812;0.06661;0.06702;16327270000;0
VTBR;D;20170525;000000;0.06705;0.06745;0.06648;0.06694;4224390000;0
VTBR;D;20170526;000000;0.067;0.067;0.06587;0.06637;6080640000;0
VTBR;D;20170529;000000;0.0664;0.0665;0.06577;0.066;1844710000;0
VTBR;D;20170530;000000;0.06598;0.06615;0.06535;0.06594;4225710000;0
VTBR;D;20170531;000000;0.06573;0.06669;0.06508;0.06615;7957730000;0
VTBR;D;20170601;000000;0.06589;0.06667;0.06423;0.06473;9321710000;0
VTBR;D;20170602;000000;0.06489;0.0652;0.06357;0.0652;10719890000;0
VTBR;D;20170605;000000;0.06521;0.06568;0.0645;0.06505;5692130000;0
VTBR;D;20170606;000000;0.06481;0.06517;0.06433;0.06435;3225560000;0
VTBR;D;20170607;000000;0.06435;0.0647;0.06411;0.06411;5522070000;0
VTBR;D;20170608;000000;0.0643;0.06493;0.064;0.0645;8020970000;0
VTBR;D;20170609;000000;0.06445;0.06525;0.06424;0.06525;7646790000;0
VTBR;D;20170613;000000;0.06525;0.0655;0.0645;0.0645;6605560000;0
VTBR;D;20170614;000000;0.06457;0.06457;0.06332;0.064;8553950000;0
VTBR;D;20170615;000000;0.0637;0.06394;0.06178;0.0639;43947310000;0
VTBR;D;20170616;000000;0.06383;0.06418;0.0628;0.0639;28031570000;0
VTBR;D;20170619;000000;0.06388;0.0639;0.06305;0.06322;9885680000;0
VTBR;D;20170620;000000;0.06332;0.0639;0.06265;0.0639;20210020000;0
VTBR;D;20170621;000000;0.06365;0.06389;0.06315;0.06334;5490500000;0
VTBR;D;20170622;000000;0.06315;0.0641;0.06254;0.0639;18907740000;0
VTBR;D;20170623;000000;0.06388;0.06417;0.06318;0.064;14029650000;0
VTBR;D;20170626;000000;0.06412;0.0645;0.06349;0.06349;4341440000;0
VTBR;D;20170627;000000;0.06344;0.06358;0.06292;0.06338;13015450000;0
VTBR;D;20170628;000000;0.0631;0.0638;0.06281;0.0638;9994450000;0
VTBR;D;20170629;000000;0.06382;0.06403;0.06337;0.0639;9962510000;0
VTBR;D;20170630;000000;0.06371;0.0645;0.06359;0.064;9061350000;0
VTBR;D;20170703;000000;0.06392;0.06442;0.06387;0.0643;5475580000;0
VTBR;D;20170704;000000;0.06443;0.06495;0.06425;0.0644;4769990000;0
VTBR;D;20170705;000000;0.06422;0.06456;0.06386;0.064;6771590000;0
VTBR;D;20170706;000000;0.06405;0.06425;0.06336;0.06387;6718440000;0
VTBR;D;20170707;000000;0.06365;0.06415;0.06346;0.06368;5974550000;0
VTBR;D;20170710;000000;0.0637;0.0642;0.06351;0.0638;5632190000;0
VTBR;D;20170711;000000;0.06393;0.06403;0.06317;0.06387;5033990000;0
VTBR;D;20170712;000000;0.06387;0.0645;0.0635;0.064;10567520000;0
VTBR;D;20170713;000000;0.06395;0.06428;0.0636;0.06371;5697050000;0
VTBR;D;20170714;000000;0.06367;0.06401;0.06367;0.0638;4284020000;0
VTBR;D;20170717;000000;0.06383;0.06409;0.0635;0.06387;4296700000;0
VTBR;D;20170718;000000;0.06379;0.06391;0.06303;0.0635;7745060000;0
VTBR;D;20170719;000000;0.06345;0.0641;0.06311;0.0641;5638590000;0
VTBR;D;20170720;000000;0.06414;0.06538;0.06382;0.0649;10014490000;0
VTBR;D;20170721;000000;0.06488;0.06506;0.06361;0.06373;5531340000;0
VTBR;D;20170724;000000;0.0636;0.0639;0.06311;0.0635;7709970000;0
VTBR;D;20170725;000000;0.0635;0.0636;0.06304;0.0635;9865560000;0
VTBR;D;20170726;000000;0.06343;0.06374;0.0632;0.0636;4730320000;0
VTBR;D;20170727;000000;0.06377;0.06396;0.06333;0.06341;6048940000;0
VTBR;D;20170728;000000;0.0634;0.0634;0.06077;0.0609;41407730000;0
VTBR;D;20170731;000000;0.06113;0.06115;0.05881;0.05969;15186110000;0
VTBR;D;20170801;000000;0.0598;0.06069;0.05934;0.06005;8402900000;0
VTBR;D;20170802;000000;0.0602;0.06215;0.06;0.06171;13161380000;0
VTBR;D;20170803;000000;0.0617;0.06286;0.06141;0.06186;8476040000;0
VTBR;D;20170804;000000;0.06171;0.06183;0.06063;0.06082;6559440000;0
VTBR;D;20170807;000000;0.06099;0.06211;0.06087;0.06211;5193470000;0
VTBR;D;20170808;000000;0.0622;0.06295;0.06202;0.06206;14336060000;0
VTBR;D;20170809;000000;0.06196;0.06278;0.0613;0.06199;13465190000;0
VTBR;D;20170810;000000;0.06198;0.06218;0.06023;0.06068;7541640000;0
VTBR;D;20170811;000000;0.0604;0.06085;0.0594;0.06;10184880000;0
VTBR;D;20170814;000000;0.06025;0.06092;0.06015;0.0605;3306080000;0
VTBR;D;20170815;000000;0.06052;0.0613;0.06016;0.06102;6650330000;0
VTBR;D;20170816;000000;0.061;0.0612;0.06009;0.06037;5191230000;0
VTBR;D;20170817;000000;0.0602;0.0605;0.06;0.06;3094130000;0
VTBR;D;20170818;000000;0.0599;0.06;0.0591;0.05945;6453350000;0
VTBR;D;20170821;000000;0.05964;0.05974;0.05923;0.05925;3261780000;0
VTBR;D;20170822;000000;0.05947;0.05955;0.05924;0.0594;1985250000;0
VTBR;D;20170823;000000;0.05942;0.06048;0.059;0.06048;6901450000;0
VTBR;D;20170824;000000;0.06049;0.06105;0.06028;0.06092;5980250000;0
VTBR;D;20170825;000000;0.06096;0.06144;0.0599;0.0602;9934910000;0
VTBR;D;20170828;000000;0.06033;0.06033;0.05967;0.06017;5298830000;0
VTBR;D;20170829;000000;0.05999;0.06039;0.05957;0.05999;6768140000;0
VTBR;D;20170830;000000;0.06007;0.06497;0.05999;0.0648;34746910000;0
VTBR;D;20170831;000000;0.065;0.0653;0.06411;0.06456;17846210000;0
VTBR;D;20170901;000000;0.0647;0.06683;0.06331;0.06345;31203250000;0
VTBR;D;20170904;000000;0.06302;0.06357;0.06163;0.06163;20675370000;0
VTBR;D;20170905;000000;0.06167;0.06204;0.0597;0.0601;27212370000;0
VTBR;D;20170906;000000;0.06;0.06072;0.0593;0.0602;15069150000;0
VTBR;D;20170907;000000;0.06025;0.061;0.0601;0.0601;8165130000;0
VTBR;D;20170908;000000;0.06022;0.06185;0.0601;0.0616;12827310000;0
VTBR;D;20170911;000000;0.062;0.06257;0.06135;0.06211;13181660000;0
VTBR;D;20170912;000000;0.0622;0.06427;0.06201;0.06373;20743670000;0
VTBR;D;20170913;000000;0.06373;0.06484;0.06239;0.06239;21831290000;0
VTBR;D;20170914;000000;0.0626;0.06335;0.0622;0.06289;9699470000;0
VTBR;D;20170915;000000;0.06278;0.06379;0.0616;0.0616;14547470000;0
VTBR;D;20170918;000000;0.06211;0.06248;0.06199;0.06227;5779730000;0
VTBR;D;20170919;000000;0.06227;0.06274;0.06137;0.06188;9887480000;0
VTBR;D;20170920;000000;0.06198;0.06199;0.0611;0.0618;12842060000;0
VTBR;D;20170921;000000;0.06178;0.06195;0.06126;0.06163;11160850000;0
VTBR;D;20170922;000000;0.06156;0.06194;0.06105;0.06129;11143710000;0
VTBR;D;20170925;000000;0.06134;0.06279;0.06119;0.06254;11604850000;0
VTBR;D;20170926;000000;0.06261;0.06285;0.06211;0.06233;13010550000;0
VTBR;D;20170927;000000;0.06233;0.06275;0.06157;0.06163;11268570000;0
VTBR;D;20170928;000000;0.0618;0.06224;0.06165;0.06191;7394570000;0
VTBR;D;20170929;000000;0.06205;0.06225;0.06159;0.06159;4168900000;0
VTBR;D;20171002;000000;0.0617;0.06217;0.06124;0.06144;10804930000;0
VTBR;D;20171003;000000;0.06155;0.062;0.06141;0.06161;5861660000;0
VTBR;D;20171004;000000;0.0612;0.06159;0.0612;0.0614;5944340000;0
VTBR;D;20171005;000000;0.06145;0.06146;0.06071;0.0612;12814350000;0
VTBR;D;20171006;000000;0.06126;0.0621;0.06126;0.06145;18458440000;0
VTBR;D;20171009;000000;0.06159;0.0619;0.06135;0.06157;6813410000;0
VTBR;D;20171010;000000;0.06161;0.0618;0.06131;0.06158;6061150000;0
VTBR;D;20171011;000000;0.06169;0.06171;0.06118;0.06118;14957370000;0
VTBR;D;20171012;000000;0.06116;0.06156;0.0611;0.0612;7088630000;0
VTBR;D;20171013;000000;0.06134;0.06149;0.06084;0.061;6110830000;0
VTBR;D;20171016;000000;0.06113;0.0615;0.06097;0.06115;6308590000;0
VTBR;D;20171017;000000;0.06117;0.06122;0.06029;0.0606;5264980000;0
VTBR;D;20171018;000000;0.06078;0.06105;0.06023;0.06023;5540460000;0
VTBR;D;20171019;000000;0.06041;0.06068;0.0602;0.06021;7371390000;0
VTBR;D;20171020;000000;0.0604;0.0607;0.06021;0.06025;5486710000;0
VTBR;D;20171023;000000;0.06049;0.06069;0.0602;0.06025;4079550000;0
VTBR;D;20171024;000000;0.06025;0.06104;0.06015;0.06104;5616210000;0
VTBR;D;20171025;000000;0.06122;0.0614;0.06043;0.06043;7391110000;0
VTBR;D;20171026;000000;0.06062;0.06068;0.06022;0.06022;5228600000;0
VTBR;D;20171027;000000;0.06045;0.06084;0.06035;0.06049;6850200000;0
VTBR;D;20171030;000000;0.0606;0.06069;0.06023;0.06023;5001110000;0
VTBR;D;20171031;000000;0.06043;0.06058;0.06;0.06;6545270000;0
VTBR;D;20171101;000000;0.06021;0.06075;0.05991;0.05995;7530390000;0
VTBR;D;20171102;000000;0.05999;0.06003;0.05935;0.05976;6261530000;0
VTBR;D;20171103;000000;0.05975;0.06037;0.0595;0.0595;7689080000;0
VTBR;D;20171107;000000;0.05993;0.061;0.0597;0.06075;16911380000;0
VTBR;D;20171108;000000;0.06051;0.06089;0.0601;0.0601;7284310000;0
VTBR;D;20171109;000000;0.06028;0.06241;0.06012;0.06127;31415920000;0
VTBR;D;20171110;000000;0.06136;0.06136;0.0601;0.06011;10769150000;0
VTBR;D;20171113;000000;0.0601;0.06072;0.06001;0.06001;7094890000;0
VTBR;D;20171114;000000;0.05991;0.06016;0.0588;0.0588;24025980000;0
VTBR;D;20171115;000000;0.05869;0.05901;0.05549;0.05549;29545350000;0
VTBR;D;20171116;000000;0.05539;0.05549;0.0501;0.05205;113671220000;0
VTBR;D;20171117;000000;0.0525;0.0538;0.05211;0.05338;40603970000;0
VTBR;D;20171120;000000;0.05335;0.05475;0.05311;0.05398;24380870000;0
VTBR;D;20171121;000000;0.0542;0.0545;0.05266;0.0532;22706150000;0
VTBR;D;20171122;000000;0.05338;0.05338;0.0522;0.0529;12903780000;0
VTBR;D;20171123;000000;0.0527;0.0529;0.05174;0.05222;8143100000;0
VTBR;D;20171124;000000;0.05214;0.0535;0.05214;0.05338;18574440000;0
VTBR;D;20171127;000000;0.05332;0.05343;0.05236;0.05267;7689640000;0
VTBR;D;20171128;000000;0.05266;0.05345;0.05239;0.0528;10514360000;0
VTBR;D;20171129;000000;0.05298;0.05298;0.0522;0.0522;6829760000;0
VTBR;D;20171130;000000;0.05233;0.05233;0.05039;0.05078;19296970000;0
VTBR;D;20171201;000000;0.05109;0.05194;0.05011;0.0516;25524210000;0
VTBR;D;20171204;000000;0.05131;0.05162;0.05091;0.051;10376730000;0
VTBR;D;20171205;000000;0.05091;0.05131;0.05059;0.05086;7476980000;0
VTBR;D;20171206;000000;0.05079;0.05183;0.05064;0.0515;8119390000;0
VTBR;D;20171207;000000;0.05168;0.05168;0.05088;0.05103;9199410000;0
VTBR;D;20171208;000000;0.05103;0.05147;0.05066;0.05066;6705350000;0
VTBR;D;20171211;000000;0.05086;0.0513;0.05071;0.05122;14926690000;0
VTBR;D;20171212;000000;0.05135;0.0514;0.05084;0.05125;9464440000;0
VTBR;D;20171213;000000;0.05091;0.05125;0.0501;0.0501;24031720000;0
VTBR;D;20171214;000000;0.05015;0.05086;0.04895;0.0504;34370400000;0
VTBR;D;20171215;000000;0.0503;0.0505;0.0499;0.05;13132150000;0
VTBR;D;20171218;000000;0.0502;0.05049;0.0497;0.04987;10116840000;0
VTBR;D;20171219;000000;0.04991;0.0501;0.04837;0.0484;20170420000;0
VTBR;D;20171220;000000;0.04815;0.04835;0.04571;0.04591;56587310000;0
VTBR;D;20171221;000000;0.0458;0.04609;0.04421;0.04535;47160080000;0
VTBR;D;20171222;000000;0.04544;0.0472;0.04509;0.04655;31362250000;0
VTBR;D;20171225;000000;0.04689;0.0473;0.0463;0.0473;8181230000;0
VTBR;D;20171226;000000;0.04729;0.04738;0.04671;0.04685;8946090000;0
VTBR;D;20171227;000000;0.0468;0.04905;0.0465;0.04745;42724620000;0
VTBR;D;20171228;000000;0.04751;0.04779;0.04622;0.04696;18909720000;0
VTBR;D;20171229;000000;0.047;0.04772;0.04657;0.04732;11846280000;0
VTBR;D;20180103;000000;0.04733;0.0495;0.04722;0.0495;17351060000;0
VTBR;D;20180104;000000;0.0495;0.05027;0.04911;0.05005;18109880000;0
VTBR;D;20180105;000000;0.05028;0.05028;0.04951;0.0502;9403260000;0
VTBR;D;20180109;000000;0.05039;0.05187;0.05032;0.0508;32082650000;0
VTBR;D;20180110;000000;0.051;0.0513;0.0504;0.05051;23707190000;0
VTBR;D;20180111;000000;0.0505;0.0507;0.04971;0.0505;22531410000;0
VTBR;D;20180112;000000;0.0506;0.05105;0.05008;0.05096;16350360000;0
VTBR;D;20180115;000000;0.05122;0.05179;0.05081;0.05081;12950920000;0
VTBR;D;20180116;000000;0.051;0.05103;0.05026;0.0509;15305000000;0
VTBR;D;20180117;000000;0.05061;0.0517;0.05028;0.05139;23192990000;0
VTBR;D;20180118;000000;0.05135;0.05175;0.05045;0.0506;22574540000;0
VTBR;D;20180119;000000;0.05089;0.05093;0.0491;0.04965;19538840000;0
VTBR;D;20180122;000000;0.04978;0.05025;0.04961;0.05014;11996060000;0
VTBR;D;20180123;000000;0.05015;0.05025;0.04911;0.04978;14444060000;0
VTBR;D;20180124;000000;0.04962;0.04967;0.04888;0.04902;14545340000;0
VTBR;D;20180125;000000;0.0491;0.05045;0.04901;0.0499;29437540000;0
VTBR;D;20180126;000000;0.04981;0.04986;0.04871;0.04935;16639130000;0
VTBR;D;20180129;000000;0.04919;0.04959;0.04874;0.049;11776860000;0
VTBR;D;20180130;000000;0.04891;0.0495;0.04864;0.0488;10959050000;0
VTBR;D;20180131;000000;0.04895;0.0494;0.04865;0.0494;9231420000;0
VTBR;D;20180201;000000;0.04934;0.05009;0.04905;0.04938;23638640000;0
VTBR;D;20180202;000000;0.0494;0.04967;0.04875;0.0492;17542490000;0
VTBR;D;20180205;000000;0.04883;0.04925;0.04853;0.04908;13536350000;0
VTBR;D;20180206;000000;0.0484;0.04882;0.0468;0.04702;47781510000;0
VTBR;D;20180207;000000;0.04757;0.04795;0.04722;0.04761;14327120000;0
VTBR;D;20180208;000000;0.04763;0.04884;0.04723;0.04751;31974490000;0
VTBR;D;20180209;000000;0.047;0.04749;0.0466;0.04707;28397130000;0
VTBR;D;20180212;000000;0.04754;0.04779;0.04695;0.04712;17212890000;0
VTBR;D;20180213;000000;0.04719;0.04775;0.04705;0.04767;12207000000;0
VTBR;D;20180214;000000;0.04771;0.04827;0.04721;0.0477;17793030000;0
VTBR;D;20180215;000000;0.048;0.048;0.04732;0.04735;20529160000;0
VTBR;D;20180216;000000;0.04737;0.0478;0.04736;0.0477;10440810000;0
VTBR;D;20180219;000000;0.04755;0.04778;0.04723;0.04745;6341120000;0
VTBR;D;20180220;000000;0.04746;0.04795;0.04736;0.04774;7623350000;0
VTBR;D;20180221;000000;0.04765;0.04917;0.04761;0.0489;35538170000;0
VTBR;D;20180222;000000;0.04856;0.05295;0.04856;0.05175;71280420000;0
VTBR;D;20180226;000000;0.05297;0.05583;0.05255;0.05463;103495950000;0
VTBR;D;20180227;000000;0.05472;0.05489;0.05335;0.0538;43129190000;0
VTBR;D;20180228;000000;0.05361;0.05405;0.05261;0.05276;55940220000;0
VTBR;D;20180301;000000;0.05261;0.05317;0.0523;0.0525;25081050000;0
VTBR;D;20180302;000000;0.05276;0.05399;0.0521;0.05241;24080610000;0
VTBR;D;20180305;000000;0.0527;0.05342;0.05202;0.05246;19975150000;0
VTBR;D;20180306;000000;0.05265;0.05369;0.05253;0.053;21940900000;0
VTBR;D;20180307;000000;0.05275;0.05478;0.05264;0.0547;37893290000;0
VTBR;D;20180309;000000;0.05454;0.05659;0.05433;0.05628;34734430000;0
VTBR;D;20180312;000000;0.05701;0.05764;0.0557;0.05571;32589190000;0
VTBR;D;20180313;000000;0.05577;0.05628;0.05492;0.0558;28687530000;0
VTBR;D;20180314;000000;0.05554;0.05598;0.0535;0.05354;30212110000;0
VTBR;D;20180315;000000;0.05366;0.05423;0.05319;0.05384;33459930000;0
VTBR;D;20180316;000000;0.0538;0.05419;0.05335;0.05348;37576330000;0
VTBR;D;20180319;000000;0.0539;0.05414;0.0534;0.0534;12658970000;0
VTBR;D;20180320;000000;0.05358;0.05396;0.05266;0.0539;19288980000;0
VTBR;D;20180321;000000;0.05405;0.0545;0.05317;0.054;30658230000;0
VTBR;D;20180322;000000;0.05428;0.05428;0.05331;0.054;27649420000;0
VTBR;D;20180323;000000;0.0534;0.05358;0.0529;0.05328;17421750000;0
VTBR;D;20180326;000000;0.05324;0.05324;0.05099;0.05099;33123020000;0
VTBR;D;20180327;000000;0.05137;0.05219;0.05105;0.0518;21467510000;0
VTBR;D;20180328;000000;0.05134;0.05158;0.05055;0.051;16810600000;0
VTBR;D;20180329;000000;0.05111;0.0521;0.05111;0.05115;20710280000;0
VTBR;D;20180330;000000;0.0515;0.05166;0.05122;0.05166;4193540000;0
VTBR;D;20180402;000000;0.0516;0.05194;0.05114;0.05114;12530820000;0
VTBR;D;20180403;000000;0.05112;0.0531;0.05077;0.0523;42471760000;0
VTBR;D;20180404;000000;0.05264;0.05264;0.0521;0.05237;19378720000;0
VTBR;D;20180405;000000;0.05269;0.05395;0.05253;0.05395;67703760000;0
VTBR;D;20180406;000000;0.0536;0.05555;0.05359;0.0554;84007570000;0
VTBR;D;20180409;000000;0.0552;0.05525;0.0485;0.0504;117719370000;0
VTBR;D;20180410;000000;0.05;0.05179;0.04922;0.05091;83439090000;0
VTBR;D;20180411;000000;0.05091;0.05159;0.04941;0.05047;43223020000;0
VTBR;D;20180412;000000;0.05092;0.05148;0.05051;0.05093;21003970000;0
VTBR;D;20180413;000000;0.05098;0.0515;0.05012;0.05087;27025650000;0
VTBR;D;20180416;000000;0.05001;0.05219;0.05;0.05179;28261520000;0
VTBR;D;20180417;000000;0.05349;0.05354;0.05194;0.05217;34786470000;0
VTBR;D;20180418;000000;0.05244;0.05349;0.0522;0.053;24051110000;0
VTBR;D;20180419;000000;0.05306;0.0535;0.05197;0.0525;21522020000;0
VTBR;D;20180420;000000;0.05245;0.0532;0.0521;0.05289;15856560000;0
VTBR;D;20180423;000000;0.0527;0.053;0.05251;0.053;20982100000;0
VTBR;D;20180424;000000;0.053;0.0539;0.0528;0.053;26963840000;0
VTBR;D;20180425;000000;0.05275;0.0529;0.05228;0.05287;14514260000;0
VTBR;D;20180426;000000;0.053;0.05335;0.05208;0.0524;19855440000;0
VTBR;D;20180427;000000;0.05255;0.0528;0.05217;0.05257;13673820000;0
VTBR;D;20180428;000000;0.05257;0.05272;0.05235;0.0527;2649990000;0
VTBR;D;20180430;000000;0.05272;0.05397;0.05265;0.05397;13301570000;0
VTBR;D;20180502;000000;0.05359;0.05414;0.05308;0.0534;15488420000;0
VTBR;D;20180503;000000;0.05338;0.05366;0.05261;0.05261;11557270000;0
VTBR;D;20180504;000000;0.05297;0.05311;0.05265;0.05275;8613650000;0
VTBR;D;20180507;000000;0.0531;0.0533;0.05272;0.05277;13219540000;0
VTBR;D;20180508;000000;0.05257;0.05295;0.05085;0.0527;20443090000;0
VTBR;D;20180510;000000;0.0531;0.05317;0.05224;0.05225;15581900000;0
VTBR;D;20180511;000000;0.05239;0.0527;0.05204;0.05238;20571320000;0
VTBR;D;20180514;000000;0.05243;0.05273;0.05217;0.0525;19652910000;0
VTBR;D;20180515;000000;0.05225;0.05237;0.05111;0.0515;39760920000;0
VTBR;D;20180516;000000;0.0513;0.05164;0.05116;0.05132;21053480000;0
VTBR;D;20180517;000000;0.05156;0.05195;0.05122;0.05122;34370490000;0
VTBR;D;20180518;000000;0.05147;0.05159;0.051;0.0512;21615830000;0
VTBR;D;20180521;000000;0.05131;0.05189;0.05128;0.05156;17445590000;0
VTBR;D;20180522;000000;0.05166;0.05166;0.05132;0.05139;11015980000;0
VTBR;D;20180523;000000;0.0513;0.05166;0.05115;0.05115;14336830000;0
VTBR;D;20180524;000000;0.0513;0.05159;0.05116;0.05121;15182700000;0
VTBR;D;20180525;000000;0.0513;0.05149;0.05077;0.05106;16271680000;0
VTBR;D;20180528;000000;0.05114;0.0515;0.05108;0.05145;8744700000;0
VTBR;D;20180529;000000;0.05132;0.0515;0.05096;0.05128;18245310000;0
VTBR;D;20180530;000000;0.0513;0.05165;0.05114;0.05134;31451320000;0
VTBR;D;20180531;000000;0.05145;0.05162;0.04989;0.04989;127556320000;0
VTBR;D;20180601;000000;0.04749;0.04823;0.0474;0.0474;78735380000;0
VTBR;D;20180604;000000;0.04764;0.04788;0.04684;0.04703;30486540000;0
VTBR;D;20180605;000000;0.04716;0.0476;0.04701;0.04744;19222000000;0
VTBR;D;20180606;000000;0.0474;0.04769;0.04705;0.04725;16496550000;0
VTBR;D;20180607;000000;0.04745;0.04745;0.04681;0.04681;18660120000;0
VTBR;D;20180608;000000;0.0467;0.04673;0.0453;0.04531;41031590000;0
VTBR;D;20180609;000000;0.04532;0.04561;0.04532;0.04552;3884090000;0
VTBR;D;20180611;000000;0.04554;0.04566;0.0445;0.04514;19105330000;0
VTBR;D;20180613;000000;0.04485;0.04527;0.04463;0.04475;25759980000;0
VTBR;D;20180614;000000;0.04475;0.0452;0.04457;0.04465;17252480000;0
VTBR;D;20180615;000000;0.04481;0.04505;0.04451;0.04451;23643230000;0
VTBR;D;20180618;000000;0.04451;0.04632;0.04444;0.04611;38501220000;0
VTBR;D;20180619;000000;0.046;0.04608;0.04519;0.04519;27629400000;0
VTBR;D;20180620;000000;0.04554;0.0472;0.04554;0.0472;32127790000;0
VTBR;D;20180621;000000;0.0472;0.04778;0.04671;0.04696;28289840000;0
VTBR;D;20180622;000000;0.04729;0.04753;0.04649;0.0466;19795690000;0
VTBR;D;20180625;000000;0.04693;0.04727;0.04656;0.0467;17530440000;0
VTBR;D;20180626;000000;0.04686;0.04718;0.04671;0.0469;13434240000;0
VTBR;D;20180627;000000;0.04704;0.04759;0.04675;0.04735;21367130000;0
VTBR;D;20180628;000000;0.0474;0.04867;0.04735;0.04783;29931750000;0
VTBR;D;20180629;000000;0.048;0.04889;0.048;0.04801;20972020000;0
VTBR;D;20180702;000000;0.04792;0.04844;0.04741;0.04833;24943340000;0
VTBR;D;20180703;000000;0.04834;0.04872;0.04819;0.04838;13168400000;0
VTBR;D;20180704;000000;0.04858;0.0488;0.04826;0.04856;11944910000;0
VTBR;D;20180705;000000;0.0484;0.04873;0.04832;0.04866;12524260000;0
VTBR;D;20180706;000000;0.04866;0.0492;0.0484;0.0485;14756910000;0
VTBR;D;20180709;000000;0.0488;0.04939;0.04873;0.04939;14710180000;0
VTBR;D;20180710;000000;0.04943;0.04947;0.04884;0.04903;12058850000;0
VTBR;D;20180711;000000;0.04872;0.04884;0.04838;0.0486;13912910000;0
VTBR;D;20180712;000000;0.04851;0.04884;0.04788;0.04831;12582100000;0
VTBR;D;20180713;000000;0.04847;0.04975;0.04828;0.04975;26847860000;0
VTBR;D;20180716;000000;0.04975;0.04998;0.04936;0.0494;20497200000;0
VTBR;D;20180717;000000;0.04937;0.04945;0.0486;0.04872;12851730000;0
VTBR;D;20180718;000000;0.04871;0.04903;0.04848;0.04853;8776450000;0
VTBR;D;20180719;000000;0.04863;0.04878;0.04745;0.04784;19691340000;0
VTBR;D;20180720;000000;0.04794;0.04869;0.04737;0.04825;15239130000;0
VTBR;D;20180723;000000;0.04818;0.04898;0.04818;0.04824;7436910000;0
VTBR;D;20180724;000000;0.04847;0.04847;0.04791;0.04822;10632880000;0
VTBR;D;20180725;000000;0.0477;0.04799;0.04716;0.04795;15566050000;0
VTBR;D;20180726;000000;0.04805;0.04823;0.04753;0.04758;8148640000;0
VTBR;D;20180727;000000;0.0477;0.04795;0.04741;0.04782;6888160000;0
VTBR;D;20180730;000000;0.04778;0.04807;0.04753;0.04797;7336410000;0
VTBR;D;20180731;000000;0.04762;0.04828;0.04762;0.04828;9305960000;0
VTBR;D;20180801;000000;0.04815;0.04886;0.04807;0.04828;13563150000;0
VTBR;D;20180802;000000;0.04828;0.04846;0.04745;0.04758;9252880000;0
VTBR;D;20180803;000000;0.04768;0.0477;0.04694;0.04735;10185690000;0
VTBR;D;20180806;000000;0.04741;0.04763;0.04679;0.04681;10786720000;0
VTBR;D;20180807;000000;0.0469;0.04735;0.04656;0.0468;8090770000;0
VTBR;D;20180808;000000;0.04665;0.04682;0.0453;0.04569;30146560000;0
VTBR;D;20180809;000000;0.04537;0.04537;0.04221;0.04511;62911480000;0
VTBR;D;20180810;000000;0.04509;0.04513;0.04284;0.04337;29169930000;0
VTBR;D;20180813;000000;0.0426;0.04378;0.04251;0.04295;21963280000;0
VTBR;D;20180814;000000;0.04323;0.0437;0.04267;0.04364;15100150000;0
VTBR;D;20180815;000000;0.04341;0.04389;0.04315;0.0434;12130540000;0
VTBR;D;20180816;000000;0.0436;0.04388;0.04348;0.04388;7841670000;0
VTBR;D;20180817;000000;0.04375;0.04389;0.0433;0.04371;8420680000;0
VTBR;D;20180820;000000;0.04381;0.04429;0.04381;0.04415;6255760000;0
VTBR;D;20180821;000000;0.0442;0.0444;0.04371;0.04415;7950990000;0
VTBR;D;20180822;000000;0.04401;0.0442;0.04279;0.043;23196160000;0
VTBR;D;20180823;000000;0.0429;0.043;0.04107;0.04139;33316520000;0
VTBR;D;20180824;000000;0.0413;0.04152;0.04018;0.04102;32425410000;0
VTBR;D;20180827;000000;0.04129;0.04215;0.04124;0.04215;13833320000;0
VTBR;D;20180828;000000;0.0423;0.0423;0.0415;0.04153;10251730000;0
VTBR;D;20180829;000000;0.0416;0.04199;0.04107;0.04199;12199610000;0
VTBR;D;20180830;000000;0.042;0.04217;0.0411;0.04122;12486160000;0
VTBR;D;20180831;000000;0.04111;0.04155;0.04085;0.0414;14241380000;0
VTBR;D;20180903;000000;0.0413;0.04151;0.04105;0.04129;6716220000;0
VTBR;D;20180904;000000;0.0414;0.04173;0.04086;0.04092;10083340000;0
VTBR;D;20180905;000000;0.04092;0.04111;0.04002;0.04002;13846920000;0
VTBR;D;20180906;000000;0.04006;0.04035;0.03943;0.0395;19862000000;0
VTBR;D;20180907;000000;0.0396;0.03995;0.03903;0.03933;16381190000;0
VTBR;D;20180910;000000;0.03935;0.03948;0.03842;0.0386;22287820000;0
VTBR;D;20180911;000000;0.03862;0.0391;0.03834;0.039;20535740000;0
VTBR;D;20180912;000000;0.0392;0.0398;0.03903;0.0396;17555880000;0
VTBR;D;20180913;000000;0.0397;0.04168;0.03961;0.04048;37625190000;0
VTBR;D;20180914;000000;0.0405;0.04098;0.03966;0.04005;25899610000;0
VTBR;D;20180917;000000;0.04005;0.04043;0.03981;0.04004;13071920000;0
VTBR;D;20180918;000000;0.03991;0.0412;0.03991;0.04118;17415010000;0
VTBR;D;20180919;000000;0.04135;0.0418;0.04107;0.04128;19619610000;0
VTBR;D;20180920;000000;0.04138;0.042;0.0409;0.04111;35099600000;0
VTBR;D;20180921;000000;0.04125;0.0422;0.04081;0.0422;17944510000;0
VTBR;D;20180924;000000;0.0419;0.04245;0.04156;0.04191;22776370000;0
VTBR;D;20180925;000000;0.04204;0.04225;0.0415;0.0416;10345900000;0
VTBR;D;20180926;000000;0.0417;0.04173;0.041;0.04118;17694320000;0
VTBR;D;20180927;000000;0.04118;0.04169;0.04045;0.0413;24976480000;0
VTBR;D;20180928;000000;0.0416;0.0416;0.04047;0.04076;22657560000;0
VTBR;D;20181001;000000;0.04092;0.04101;0.04014;0.04031;13112240000;0
VTBR;D;20181002;000000;0.0406;0.04067;0.04012;0.04037;9894130000;0
VTBR;D;20181003;000000;0.04037;0.04095;0.04018;0.04071;16612190000;0
VTBR;D;20181004;000000;0.04069;0.04099;0.03963;0.0399;21445400000;0
VTBR;D;20181005;000000;0.03988;0.04;0.03934;0.03958;13777860000;0
VTBR;D;20181008;000000;0.03961;0.0398;0.03882;0.03921;15056980000;0
VTBR;D;20181009;000000;0.0393;0.03966;0.0384;0.0384;22337310000;0
VTBR;D;20181010;000000;0.03855;0.03866;0.03776;0.03813;20581840000;0
VTBR;D;20181011;000000;0.03739;0.03786;0.03658;0.0377;45174210000;0
VTBR;D;20181012;000000;0.038;0.0384;0.03737;0.03795;21086340000;0
VTBR;D;20181015;000000;0.03817;0.0388;0.0379;0.03849;16113400000;0
VTBR;D;20181016;000000;0.03846;0.03895;0.03761;0.0384;25940890000;0
VTBR;D;20181017;000000;0.03867;0.03887;0.03801;0.03846;19703850000;0
VTBR;D;20181018;000000;0.03838;0.0385;0.03774;0.03793;11823560000;0
VTBR;D;20181019;000000;0.03798;0.03798;0.03685;0.03689;19689400000;0
VTBR;D;20181022;000000;0.03689;0.03703;0.03586;0.03614;26963850000;0
VTBR;D;20181023;000000;0.03594;0.03638;0.0352;0.0362;24884710000;0
VTBR;D;20181024;000000;0.0363;0.03714;0.03585;0.03685;28780230000;0
VTBR;D;20181025;000000;0.03628;0.03652;0.03603;0.03635;11194100000;0
VTBR;D;20181026;000000;0.03611;0.03622;0.03562;0.03574;14458280000;0
VTBR;D;20181029;000000;0.03563;0.0367;0.03563;0.0364;12806770000;0
VTBR;D;20181030;000000;0.03629;0.03667;0.03601;0.0366;11716220000;0
VTBR;D;20181031;000000;0.03676;0.03705;0.03658;0.03658;14311030000;0
VTBR;D;20181101;000000;0.03669;0.03669;0.03585;0.0362;17990650000;0
VTBR;D;20181102;000000;0.036225;0.03635;0.03604;0.03613;11459220000;0
VTBR;D;20181106;000000;0.0362;0.03662;0.03614;0.03615;15910200000;0
VTBR;D;20181107;000000;0.036;0.03819;0.03573;0.03819;58167200000;0
VTBR;D;20181108;000000;0.0383;0.03874;0.037795;0.03803;36034700000;0
VTBR;D;20181109;000000;0.037875;0.03808;0.0371;0.03757;20899340000;0
VTBR;D;20181112;000000;0.0377;0.0385;0.0377;0.03818;19761240000;0
VTBR;D;20181113;000000;0.038005;0.03915;0.037735;0.03844;32421450000;0
VTBR;D;20181114;000000;0.0383;0.03857;0.0378;0.03815;17596900000;0
VTBR;D;20181115;000000;0.038385;0.0394;0.038165;0.03928;32876180000;0
VTBR;D;20181116;000000;0.03952;0.03956;0.038875;0.03916;19737790000;0
VTBR;D;20181119;000000;0.03916;0.0395;0.0385;0.0388;12625230000;0
VTBR;D;20181120;000000;0.03872;0.03872;0.037345;0.03743;20507410000;0
VTBR;D;20181121;000000;0.037215;0.03768;0.036865;0.03722;23348180000;0
VTBR;D;20181122;000000;0.03742;0.03777;0.03721;0.0373;13814970000;0
VTBR;D;20181123;000000;0.03721;0.03737;0.036715;0.03706;12355030000;0
VTBR;D;20181126;000000;0.03702;0.037165;0.03555;0.036695;31053560000;0
VTBR;D;20181127;000000;0.0367;0.0372;0.036505;0.03683;12318760000;0
VTBR;D;20181128;000000;0.03696;0.037685;0.036815;0.03758;15893200000;0
VTBR;D;20181129;000000;0.0376;0.038335;0.0375;0.03803;21870920000;0
VTBR;D;20181130;000000;0.03776;0.037845;0.037105;0.0373;12367990000;0
VTBR;D;20181203;000000;0.037505;0.03817;0.0375;0.0376;13345570000;0
VTBR;D;20181204;000000;0.03758;0.03779;0.036955;0.03699;18734290000;0
VTBR;D;20181205;000000;0.036755;0.03706;0.03652;0.036995;16880750000;0
VTBR;D;20181206;000000;0.036725;0.03684;0.03625;0.03671;12575580000;0
VTBR;D;20181207;000000;0.036785;0.03704;0.036475;0.036555;17037480000;0
VTBR;D;20181210;000000;0.03639;0.03669;0.0361;0.0361;11303680000;0
VTBR;D;20181211;000000;0.036325;0.036355;0.03594;0.036005;10809270000;0
VTBR;D;20181212;000000;0.036145;0.03625;0.035835;0.03625;12161040000;0
VTBR;D;20181213;000000;0.03624;0.03628;0.03591;0.03608;7906700000;0
VTBR;D;20181214;000000;0.03596;0.03607;0.035555;0.035995;12124480000;0
VTBR;D;20181217;000000;0.0359;0.03695;0.035885;0.03634;20142510000;0
VTBR;D;20181218;000000;0.0361;0.03625;0.03564;0.0362;16843810000;0
VTBR;D;20181219;000000;0.0359;0.03654;0.0357;0.0363;12811780000;0
VTBR;D;20181220;000000;0.036215;0.036225;0.0357;0.03587;23266560000;0
VTBR;D;20181221;000000;0.0358;0.03609;0.035245;0.035245;18021720000;0
VTBR;D;20181224;000000;0.035415;0.03564;0.03462;0.03472;22142880000;0
VTBR;D;20181225;000000;0.03448;0.0345;0.03305;0.034175;26771770000;0
VTBR;D;20181226;000000;0.034395;0.034695;0.034005;0.034455;17845840000;0
VTBR;D;20181227;000000;0.03485;0.034905;0.03405;0.03405;20645200000;0
VTBR;D;20181228;000000;0.034195;0.03443;0.03377;0.03391;20352030000;0
VTBR;D;20181229;000000;0.034095;0.034145;0.03385;0.03385;5885490000;0
VTBR;D;20190103;000000;0.033905;0.03436;0.03366;0.03421;9013110000;0
VTBR;D;20190104;000000;0.03424;0.03462;0.03422;0.03462;8609390000;0
VTBR;D;20190108;000000;0.0347;0.034995;0.03447;0.03484;11018110000;0
VTBR;D;20190109;000000;0.035;0.03514;0.034845;0.035;12269360000;0
VTBR;D;20190110;000000;0.035;0.03506;0.03465;0.035045;12868910000;0
VTBR;D;20190111;000000;0.03512;0.035435;0.03496;0.035185;15016080000;0
VTBR;D;20190114;000000;0.035;0.035335;0.034805;0.0353;9282210000;0
VTBR;D;20190115;000000;0.035335;0.0358;0.035315;0.035465;13762220000;0
VTBR;D;20190116;000000;0.0356;0.03573;0.03537;0.03565;8738100000;0
VTBR;D;20190117;000000;0.03568;0.03578;0.035555;0.035705;8713650000;0
VTBR;D;20190118;000000;0.035805;0.0371;0.035805;0.0371;34601560000;0
VTBR;D;20190121;000000;0.03718;0.03763;0.036805;0.03689;23355290000;0
VTBR;D;20190122;000000;0.03685;0.03732;0.036605;0.0371;21930220000;0
VTBR;D;20190123;000000;0.03714;0.037685;0.03702;0.037535;23644490000;0
VTBR;D;20190124;000000;0.0376;0.03798;0.03674;0.036925;38187530000;0
VTBR;D;20190125;000000;0.03702;0.037175;0.03664;0.03696;16794490000;0
VTBR;D;20190128;000000;0.037015;0.037425;0.036715;0.03694;17773950000;0
VTBR;D;20190129;000000;0.03694;0.03747;0.03671;0.03742;13449140000;0
VTBR;D;20190130;000000;0.037385;0.0375;0.0372;0.03748;9944890000;0
VTBR;D;20190131;000000;0.03765;0.037895;0.037425;0.03777;13944430000;0
VTBR;D;20190201;000000;0.03761;0.03804;0.037555;0.037915;16370750000;0
VTBR;D;20190204;000000;0.03797;0.03842;0.03795;0.038345;14994430000;0
VTBR;D;20190205;000000;0.038445;0.0385;0.038085;0.03821;12475430000;0
VTBR;D;20190206;000000;0.03821;0.03821;0.03761;0.03761;15812430000;0
VTBR;D;20190207;000000;0.03757;0.03757;0.03695;0.03701;14763560000;0
VTBR;D;20190208;000000;0.03685;0.03731;0.03676;0.03713;12170460000;0
VTBR;D;20190211;000000;0.037105;0.037615;0.037105;0.0376;10899170000;0
VTBR;D;20190212;000000;0.037795;0.038065;0.037685;0.0379;13570850000;0
VTBR;D;20190213;000000;0.037995;0.038005;0.03693;0.036985;20971120000;0
VTBR;D;20190214;000000;0.0364;0.036465;0.035615;0.03604;36544690000;0
VTBR;D;20190215;000000;0.036175;0.03661;0.036115;0.0366;14730840000;0
VTBR;D;20190218;000000;0.0367;0.0369;0.036065;0.03633;12391770000;0
VTBR;D;20190219;000000;0.03635;0.036695;0.036005;0.036245;10464070000;0
VTBR;D;20190220;000000;0.036205;0.03654;0.036205;0.03642;7251600000;0
VTBR;D;20190221;000000;0.03652;0.03652;0.035815;0.036065;13548950000;0
VTBR;D;20190222;000000;0.03607;0.03628;0.03591;0.03608;8297490000;0
VTBR;D;20190225;000000;0.036225;0.036395;0.03591;0.03624;10851070000;0
VTBR;D;20190226;000000;0.036155;0.036265;0.035775;0.0358;13641460000;0
VTBR;D;20190227;000000;0.03595;0.036035;0.03565;0.035955;16444960000;0
VTBR;D;20190228;000000;0.03592;0.036145;0.03576;0.0359;10494720000;0
VTBR;D;20190301;000000;0.036;0.036095;0.0359;0.03603;9621840000;0
VTBR;D;20190304;000000;0.03603;0.036155;0.035875;0.03597;7923610000;0
VTBR;D;20190305;000000;0.0359;0.0359;0.03528;0.0353;18095820000;0
VTBR;D;20190306;000000;0.0352;0.035495;0.035175;0.035495;10603290000;0
VTBR;D;20190307;000000;0.035355;0.035455;0.03511;0.03522;11256550000;0
VTBR;D;20190311;000000;0.03514;0.0355;0.03508;0.03537;13134140000;0
VTBR;D;20190312;000000;0.03545;0.035845;0.03537;0.03565;13138370000;0
VTBR;D;20190313;000000;0.035525;0.03655;0.03551;0.03634;20985720000;0
VTBR;D;20190314;000000;0.036335;0.0368;0.03602;0.036215;18215810000;0
VTBR;D;20190315;000000;0.0363;0.03739;0.03607;0.03739;36753850000;0
VTBR;D;20190318;000000;0.03702;0.037215;0.03671;0.03692;25715580000;0
VTBR;D;20190319;000000;0.03697;0.037;0.03666;0.03677;9572490000;0
VTBR;D;20190320;000000;0.036755;0.03685;0.036605;0.03669;14499060000;0
VTBR;D;20190321;000000;0.036795;0.03696;0.036305;0.036515;19756270000;0
VTBR;D;20190322;000000;0.03655;0.03655;0.03593;0.036;13209080000;0
VTBR;D;20190325;000000;0.03585;0.036405;0.03567;0.03633;14212080000;0
VTBR;D;20190326;000000;0.036325;0.0365;0.036205;0.03625;11043820000;0
VTBR;D;20190327;000000;0.0362;0.03635;0.03595;0.03595;7071180000;0
VTBR;D;20190328;000000;0.036005;0.0361;0.03595;0.036;5297950000;0
VTBR;D;20190329;000000;0.0361;0.03644;0.035555;0.035645;20126600000;0
VTBR;D;20190401;000000;0.035875;0.03625;0.03576;0.036195;12965960000;0
VTBR;D;20190402;000000;0.0362;0.03645;0.03597;0.0362;10745160000;0
VTBR;D;20190403;000000;0.036315;0.036665;0.03631;0.03661;20261430000;0
VTBR;D;20190404;000000;0.036555;0.03661;0.03631;0.0365;6648290000;0
VTBR;D;20190405;000000;0.0365;0.03661;0.03613;0.03632;9821600000;0
VTBR;D;20190408;000000;0.03638;0.036555;0.036175;0.0363;10035560000;0
VTBR;D;20190409;000000;0.03634;0.0365;0.03628;0.03628;18295280000;0
VTBR;D;20190410;000000;0.03628;0.03799;0.03321;0.036885;63656110000;0
VTBR;D;20190411;000000;0.036885;0.03711;0.03654;0.036695;13855500000;0
VTBR;D;20190412;000000;0.03664;0.03674;0.03613;0.036255;12743380000;0
VTBR;D;20190415;000000;0.036425;0.036455;0.035845;0.03597;15083520000;0
VTBR;D;20190416;000000;0.03601;0.03615;0.035675;0.03608;16617900000;0
VTBR;D;20190417;000000;0.036095;0.036215;0.03587;0.0359;10716660000;0
VTBR;D;20190418;000000;0.03587;0.03602;0.0357;0.03601;12399230000;0
VTBR;D;20190419;000000;0.03602;0.0361;0.0358;0.03581;4907200000;0
VTBR;D;20190422;000000;0.035995;0.03604;0.035775;0.035785;6577080000;0
VTBR;D;20190423;000000;0.035875;0.035965;0.035205;0.03533;24110830000;0
VTBR;D;20190424;000000;0.035165;0.03577;0.034855;0.03577;24553760000;0
VTBR;D;20190425;000000;0.0357;0.0358;0.03527;0.035375;13469280000;0
VTBR;D;20190426;000000;0.035375;0.03541;0.0351;0.03541;11906750000;0
VTBR;D;20190429;000000;0.035395;0.0357;0.035285;0.03543;7043190000;0
VTBR;D;20190430;000000;0.03565;0.03565;0.03515;0.0355;12231660000;0
VTBR;D;20190502;000000;0.035485;0.035775;0.03535;0.03554;5829590000;0
VTBR;D;20190503;000000;0.03565;0.035985;0.035575;0.03578;8180590000;0
VTBR;D;20190506;000000;0.03535;0.03576;0.03535;0.03576;5268260000;0
VTBR;D;20190507;000000;0.03566;0.036095;0.035575;0.035575;9009900000;0
VTBR;D;20190508;000000;0.03563;0.03573;0.03546;0.03546;6523260000;0
VTBR;D;20190510;000000;0.035455;0.03562;0.03507;0.035195;9965060000;0
VTBR;D;20190513;000000;0.03519;0.03539;0.034975;0.034975;9445640000;0
VTBR;D;20190514;000000;0.03507;0.03519;0.03491;0.03493;10353790000;0
VTBR;D;20190515;000000;0.035;0.03528;0.034815;0.035095;18029810000;0
VTBR;D;20190516;000000;0.035165;0.03525;0.03496;0.03496;8723780000;0
VTBR;D;20190517;000000;0.03502;0.035165;0.034855;0.0351;8751790000;0
VTBR;D;20190520;000000;0.035105;0.035165;0.034975;0.03499;6944110000;0
VTBR;D;20190521;000000;0.034995;0.035145;0.0349;0.0349;8668980000;0
VTBR;D;20190522;000000;0.035;0.03533;0.034835;0.035185;10401610000;0
VTBR;D;20190523;000000;0.0351;0.03885;0.03503;0.03875;105668120000;0
VTBR;D;20190524;000000;0.0391;0.039845;0.03712;0.0372;134615810000;0
VTBR;D;20190527;000000;0.0372;0.037945;0.03719;0.03761;19159470000;0
VTBR;D;20190528;000000;0.03769;0.03813;0.036535;0.036535;39469860000;0
VTBR;D;20190529;000000;0.03663;0.036935;0.03623;0.0368;32890430000;0
VTBR;D;20190530;000000;0.03684;0.03718;0.0363;0.0367;30992120000;0
VTBR;D;20190531;000000;0.03642;0.036705;0.036055;0.036705;15595550000;0
VTBR;D;20190603;000000;0.036495;0.037345;0.03625;0.03698;37015240000;0
VTBR;D;20190604;000000;0.037;0.03754;0.03684;0.03718;19711250000;0
VTBR;D;20190605;000000;0.0374;0.0392;0.03708;0.0387;88207510000;0
VTBR;D;20190606;000000;0.038705;0.03937;0.038405;0.03897;34815800000;0
VTBR;D;20190607;000000;0.039;0.039195;0.0387;0.039;16464710000;0
VTBR;D;20190610;000000;0.039055;0.03964;0.03902;0.03945;22309060000;0
VTBR;D;20190611;000000;0.0395;0.041145;0.039255;0.04;75776060000;0
VTBR;D;20190613;000000;0.040015;0.04065;0.039785;0.04065;24213910000;0
VTBR;D;20190614;000000;0.04055;0.0409;0.04032;0.04032;19482200000;0
VTBR;D;20190617;000000;0.04035;0.04093;0.04012;0.040485;18499440000;0
VTBR;D;20190618;000000;0.0405;0.040665;0.04003;0.04044;18823990000;0
VTBR;D;20190619;000000;0.0404;0.04066;0.040035;0.04023;17272360000;0
VTBR;D;20190620;000000;0.04035;0.0406;0.040085;0.040415;30958520000;0
VTBR;D;20190621;000000;0.0395;0.0402;0.039475;0.0402;31454450000;0
VTBR;D;20190624;000000;0.03999;0.041285;0.03985;0.040725;39795090000;0
VTBR;D;20190625;000000;0.04069;0.0409;0.0402;0.040575;19502910000;0
VTBR;D;20190626;000000;0.04055;0.040825;0.04025;0.04026;14117000000;0
VTBR;D;20190627;000000;0.040305;0.04046;0.04005;0.04013;14005770000;0
VTBR;D;20190628;000000;0.04025;0.040435;0.03987;0.03988;10281340000;0
VTBR;D;20190701;000000;0.04019;0.0407;0.039955;0.04025;20891210000;0
VTBR;D;20190702;000000;0.04038;0.040535;0.04015;0.0405;10631460000;0
VTBR;D;20190703;000000;0.04032;0.0406;0.040225;0.040585;11268790000;0
VTBR;D;20190704;000000;0.040615;0.042195;0.040525;0.041395;74654900000;0
VTBR;D;20190705;000000;0.041465;0.041635;0.04127;0.041355;40369620000;0
VTBR;D;20190708;000000;0.04125;0.042925;0.040715;0.04255;88335210000;0
VTBR;D;20190709;000000;0.04255;0.043345;0.04235;0.04313;55492090000;0
VTBR;D;20190710;000000;0.043295;0.0444;0.043105;0.04393;84692430000;0
VTBR;D;20190711;000000;0.04415;0.045;0.043245;0.044;84576050000;0
VTBR;D;20190712;000000;0.043805;0.04445;0.04254;0.044;66589810000;0
VTBR;D;20190715;000000;0.044145;0.04479;0.04364;0.04399;43244330000;0
VTBR;D;20190716;000000;0.043995;0.04404;0.04298;0.04301;28768430000;0
VTBR;D;20190717;000000;0.043;0.04349;0.04241;0.042445;31768990000;0
VTBR;D;20190718;000000;0.042395;0.042875;0.04201;0.04218;35284090000;0
VTBR;D;20190719;000000;0.04245;0.04285;0.0422;0.0424;19358720000;0
VTBR;D;20190722;000000;0.04255;0.0439;0.04204;0.043405;52647920000;0
VTBR;D;20190723;000000;0.043595;0.044;0.04322;0.04323;25859010000;0
VTBR;D;20190724;000000;0.04346;0.04366;0.04262;0.04295;21868240000;0
VTBR;D;20190725;000000;0.043;0.04369;0.04252;0.04315;22619620000;0
VTBR;D;20190726;000000;0.043055;0.04322;0.04255;0.0427;21292670000;0
VTBR;D;20190729;000000;0.04277;0.0431;0.04247;0.04281;13536160000;0
VTBR;D;20190730;000000;0.0429;0.04306;0.042565;0.0428;10939130000;0
VTBR;D;20190731;000000;0.042825;0.04295;0.0425;0.0425;14277630000;0
VTBR;D;20190801;000000;0.042395;0.04278;0.04225;0.042535;17798840000;0
VTBR;D;20190802;000000;0.041995;0.0422;0.04143;0.042015;62242000000;0
VTBR;D;20190805;000000;0.04194;0.04284;0.0415;0.041545;29032060000;0
VTBR;D;20190806;000000;0.04169;0.04191;0.04145;0.0416;19908100000;0
VTBR;D;20190807;000000;0.041605;0.04182;0.04075;0.04085;34140210000;0
VTBR;D;20190808;000000;0.041085;0.04149;0.040125;0.041;58700620000;0
VTBR;D;20190809;000000;0.0409;0.0409;0.04046;0.0406;15351250000;0
VTBR;D;20190812;000000;0.04069;0.04095;0.040525;0.0406;14157810000;0
VTBR;D;20190813;000000;0.040605;0.040655;0.039885;0.04022;27723910000;0
VTBR;D;20190814;000000;0.04032;0.040355;0.03892;0.03901;31912630000;0
VTBR;D;20190815;000000;0.0392;0.039365;0.03849;0.03863;30324310000;0
VTBR;D;20190816;000000;0.038815;0.039065;0.0381;0.0381;21608420000;0
VTBR;D;20190819;000000;0.03835;0.038575;0.03814;0.038365;23063280000;0
VTBR;D;20190820;000000;0.03833;0.03952;0.03833;0.03932;39483860000;0
VTBR;D;20190821;000000;0.0394;0.039755;0.03914;0.03933;20314050000;0
VTBR;D;20190822;000000;0.03933;0.03938;0.03857;0.03857;17449850000;0
VTBR;D;20190823;000000;0.0386;0.038775;0.037945;0.038105;25460990000;0
VTBR;D;20190826;000000;0.0379;0.038395;0.03777;0.03806;18242990000;0
VTBR;D;20190827;000000;0.038145;0.03838;0.037885;0.03838;19712780000;0
VTBR;D;20190828;000000;0.03844;0.038515;0.038085;0.03847;15007890000;0
VTBR;D;20190829;000000;0.038445;0.03898;0.03827;0.03858;24466780000;0
VTBR;D;20190830;000000;0.03853;0.03879;0.038285;0.03868;22723510000;0
VTBR;D;20190902;000000;0.03868;0.03968;0.03861;0.039405;30823490000;0
VTBR;D;20190903;000000;0.039445;0.039735;0.03891;0.0392;23483670000;0
VTBR;D;20190904;000000;0.039405;0.043095;0.039375;0.04291;172677690000;0
VTBR;D;20190905;000000;0.04315;0.044;0.04165;0.042005;114421060000;0
VTBR;D;20190906;000000;0.0421;0.042565;0.04155;0.04195;35052460000;0
VTBR;D;20190909;000000;0.042145;0.04233;0.04141;0.0415;23496310000;0
VTBR;D;20190910;000000;0.041575;0.04283;0.041245;0.04265;58242810000;0
VTBR;D;20190911;000000;0.042795;0.04305;0.04236;0.0427;34861520000;0
VTBR;D;20190912;000000;0.0426;0.0433;0.04246;0.042875;35521630000;0
VTBR;D;20190913;000000;0.04288;0.043145;0.0423;0.0425;20266140000;0
VTBR;D;20190916;000000;0.04269;0.042785;0.04208;0.04267;19779010000;0
VTBR;D;20190917;000000;0.0426;0.04279;0.04212;0.04234;23440700000;0
VTBR;D;20190918;000000;0.042335;0.04292;0.04222;0.042555;26237130000;0
VTBR;D;20190919;000000;0.04256;0.0427;0.042255;0.042455;19273210000;0
VTBR;D;20190920;000000;0.0424;0.042515;0.04188;0.0424;18899390000;0
VTBR;D;20190923;000000;0.04238;0.04259;0.04188;0.04207;12162500000;0
VTBR;D;20190924;000000;0.0422;0.0435;0.04207;0.042075;60544100000;0
VTBR;D;20190925;000000;0.042;0.042475;0.041515;0.0423;22588880000;0
VTBR;D;20190926;000000;0.04221;0.0432;0.042125;0.04292;33782810000;0
VTBR;D;20190927;000000;0.04295;0.04298;0.04263;0.042695;9624050000;0
VTBR;D;20190930;000000;0.04274;0.042765;0.042005;0.042595;15515520000;0
VTBR;D;20191001;000000;0.042545;0.042815;0.0423;0.0423;9337040000;0
VTBR;D;20191002;000000;0.0423;0.0425;0.041295;0.04131;25627160000;0
VTBR;D;20191003;000000;0.041315;0.04157;0.040435;0.0409;41995900000;0
VTBR;D;20191004;000000;0.04108;0.04129;0.040655;0.04075;15179030000;0
VTBR;D;20191007;000000;0.04095;0.04164;0.04068;0.041465;17008110000;0
VTBR;D;20191008;000000;0.04154;0.04154;0.040655;0.040655;19893050000;0
VTBR;D;20191009;000000;0.04066;0.0413;0.04066;0.0408;14673630000;0
VTBR;D;20191010;000000;0.04081;0.04135;0.040665;0.04135;13333850000;0
VTBR;D;20191011;000000;0.041425;0.042395;0.041395;0.041925;34354720000;0
VTBR;D;20191014;000000;0.04194;0.04218;0.041505;0.04175;12970040000;0
VTBR;D;20191015;000000;0.04175;0.041945;0.0413;0.0417;15549760000;0
VTBR;D;20191016;000000;0.04187;0.04216;0.041725;0.04198;11976390000;0
VTBR;D;20191017;000000;0.041975;0.042165;0.041705;0.042005;8851320000;0
VTBR;D;20191018;000000;0.042;0.0431;0.04188;0.0428;34679150000;0
VTBR;D;20191021;000000;0.04298;0.04406;0.04292;0.04364;49294400000;0
VTBR;D;20191022;000000;0.04397;0.04397;0.04332;0.0437;23986860000;0
VTBR;D;20191023;000000;0.043655;0.04366;0.04228;0.0432;52946890000;0
VTBR;D;20191024;000000;0.04319;0.04319;0.04253;0.042855;28824840000;0
VTBR;D;20191025;000000;0.04286;0.0433;0.042375;0.042985;30165350000;0
VTBR;D;20191028;000000;0.04308;0.04354;0.042655;0.042825;22783580000;0
VTBR;D;20191029;000000;0.042825;0.04306;0.042595;0.04306;14475340000;0
VTBR;D;20191030;000000;0.04315;0.043875;0.042945;0.0435;35116580000;0
VTBR;D;20191031;000000;0.04359;0.04376;0.0427;0.04309;28055700000;0
VTBR;D;20191101;000000;0.043075;0.04333;0.04282;0.043145;16201530000;0
VTBR;D;20191105;000000;0.0437;0.0441;0.0434;0.044025;30721450000;0
VTBR;D;20191106;000000;0.044025;0.04468;0.0438;0.0442;89818010000;0
VTBR;D;20191107;000000;0.044035;0.04475;0.043605;0.0443;50741450000;0
VTBR;D;20191108;000000;0.044165;0.04625;0.04381;0.046;100806820000;0
VTBR;D;20191111;000000;0.046075;0.04734;0.045675;0.04695;95332660000;0
VTBR;D;20191112;000000;0.046995;0.048;0.046595;0.047;75167860000;0
VTBR;D;20191113;000000;0.046835;0.048;0.04595;0.04733;71195710000;0
VTBR;D;20191114;000000;0.0475;0.04788;0.046465;0.047065;47914520000;0
VTBR;D;20191115;000000;0.04706;0.047145;0.04653;0.04692;23204580000;0
VTBR;D;20191118;000000;0.046755;0.04722;0.04614;0.0462;24715930000;0
VTBR;D;20191119;000000;0.04626;0.04695;0.0461;0.04646;22817710000;0
VTBR;D;20191120;000000;0.04614;0.04645;0.045735;0.046;25076850000;0
VTBR;D;20191121;000000;0.0459;0.046375;0.04556;0.045995;21408010000;0
VTBR;D;20191122;000000;0.046035;0.04636;0.04592;0.04619;14648100000;0
VTBR;D;20191125;000000;0.04623;0.04659;0.0461;0.04625;10532000000;0
VTBR;D;20191126;000000;0.0463;0.046365;0.045705;0.045875;21916290000;0
VTBR;D;20191127;000000;0.04587;0.046;0.045755;0.0458;10459450000;0
VTBR;D;20191128;000000;0.04581;0.045935;0.0453;0.04543;18181300000;0
VTBR;D;20191129;000000;0.04536;0.04568;0.04509;0.04533;20112070000;0
VTBR;D;20191202;000000;0.0455;0.04563;0.044765;0.044915;25424410000;0
VTBR;D;20191203;000000;0.044865;0.044965;0.044015;0.044245;29181220000;0
VTBR;D;20191204;000000;0.04413;0.044785;0.043905;0.044595;20635620000;0
VTBR;D;20191205;000000;0.044685;0.044845;0.04427;0.044715;11720720000;0
VTBR;D;20191206;000000;0.044715;0.045275;0.04462;0.045275;16962870000;0
VTBR;D;20191209;000000;0.04527;0.04545;0.044815;0.04545;18242500000;0
VTBR;D;20191210;000000;0.04522;0.04565;0.044965;0.04517;17959850000;0
VTBR;D;20191211;000000;0.045185;0.045485;0.0451;0.045305;12330540000;0
VTBR;D;20191212;000000;0.045355;0.04545;0.045075;0.045355;16774560000;0
VTBR;D;20191213;000000;0.045475;0.04656;0.0454;0.04635;43271730000;0
VTBR;D;20191216;000000;0.04638;0.046985;0.04635;0.04651;27047280000;0
VTBR;D;20191217;000000;0.04662;0.046785;0.04642;0.04655;14654050000;0
VTBR;D;20191218;000000;0.04654;0.047;0.04619;0.04692;22032700000;0
VTBR;D;20191219;000000;0.04684;0.047215;0.046;0.046515;34847580000;0
VTBR;D;20191220;000000;0.04661;0.046695;0.04611;0.0463;17237600000;0
VTBR;D;20191223;000000;0.046305;0.046655;0.046305;0.046505;11769950000;0
VTBR;D;20191224;000000;0.04668;0.046705;0.0463;0.04635;9577350000;0
VTBR;D;20191225;000000;0.0464;0.046485;0.04593;0.04598;12430690000;0
VTBR;D;20191226;000000;0.045995;0.04616;0.04587;0.046;10110880000;0
VTBR;D;20191227;000000;0.0461;0.04617;0.045755;0.04588;15598600000;0
VTBR;D;20191230;000000;0.04599;0.04619;0.045865;0.0459;11859280000;0
VTBR;D;20200103;000000;0.046145;0.04634;0.045995;0.04624;11909550000;0
VTBR;D;20200106;000000;0.04611;0.046195;0.04593;0.04611;8017580000;0
VTBR;D;20200108;000000;0.04621;0.047;0.0462;0.046525;28820270000;0
VTBR;D;20200109;000000;0.04683;0.0473;0.046575;0.047075;29512690000;0
VTBR;D;20200110;000000;0.04715;0.04789;0.047005;0.0476;29926040000;0
VTBR;D;20200113;000000;0.0477;0.04825;0.04761;0.04806;32648660000;0
VTBR;D;20200114;000000;0.04815;0.048425;0.0471;0.04726;39584050000;0
VTBR;D;20200115;000000;0.04722;0.04815;0.0467;0.046805;59834060000;0
VTBR;D;20200116;000000;0.04702;0.047825;0.047;0.047825;30869390000;0
VTBR;D;20200117;000000;0.04781;0.0482;0.0477;0.048035;28034470000;0
VTBR;D;20200120;000000;0.048245;0.04884;0.048;0.048015;44846630000;0
VTBR;D;20200121;000000;0.048015;0.05025;0.047415;0.04981;156573160000;0
VTBR;D;20200122;000000;0.0499;0.05025;0.048885;0.04897;51858400000;0
VTBR;D;20200123;000000;0.048595;0.04945;0.0482;0.0485;43270260000;0
VTBR;D;20200124;000000;0.04877;0.049115;0.048;0.048;39924570000;0
VTBR;D;20200127;000000;0.0475;0.04767;0.04625;0.04682;50776730000;0
VTBR;D;20200128;000000;0.04712;0.047295;0.046425;0.0472;26075830000;0
VTBR;D;20200129;000000;0.04735;0.04778;0.047;0.04754;34516560000;0
VTBR;D;20200130;000000;0.047325;0.047735;0.04701;0.047045;22479350000;0
VTBR;D;20200131;000000;0.04741;0.04756;0.0464;0.0464;30120300000;0
VTBR;D;20200203;000000;0.046;0.046565;0.045835;0.04615;29255480000;0
VTBR;D;20200204;000000;0.04636;0.047435;0.04633;0.047255;38560410000;0
VTBR;D;20200205;000000;0.047325;0.048175;0.047025;0.04768;39548110000;0
VTBR;D;20200206;000000;0.048;0.04835;0.04771;0.048075;30435590000;0
VTBR;D;20200207;000000;0.04804;0.04823;0.0474;0.04809;17589390000;0
VTBR;D;20200210;000000;0.0482;0.0485;0.0474;0.0474;34916240000;0
VTBR;D;20200211;000000;0.0476;0.04779;0.04742;0.04744;28048400000;0
VTBR;D;20200212;000000;0.0475;0.04805;0.04745;0.04787;19686100000;0
VTBR;D;20200213;000000;0.04778;0.04836;0.047585;0.048;28699430000;0
VTBR;D;20200214;000000;0.048105;0.04825;0.047735;0.047885;11631800000;0
VTBR;D;20200217;000000;0.048095;0.04818;0.04788;0.048095;9212240000;0
VTBR;D;20200218;000000;0.047925;0.047995;0.0472;0.047205;23776690000;0
VTBR;D;20200219;000000;0.04742;0.04758;0.04728;0.04747;13813580000;0
VTBR;D;20200220;000000;0.0476;0.047785;0.04751;0.04751;12629910000;0
VTBR;D;20200221;000000;0.047375;0.0481;0.0472;0.04796;19858660000;0
VTBR;D;20200225;000000;0.04737;0.048275;0.04722;0.047295;53161810000;0
VTBR;D;20200226;000000;0.04705;0.04774;0.04652;0.04723;52366390000;0
VTBR;D;20200227;000000;0.046945;0.04713;0.04531;0.04539;46448270000;0
VTBR;D;20200228;000000;0.0442;0.044495;0.04243;0.04333;89304060000;0
VTBR;D;20200302;000000;0.04417;0.04444;0.042615;0.043;64404120000;0
VTBR;D;20200303;000000;0.04373;0.04419;0.042835;0.043255;50770690000;0
VTBR;D;20200304;000000;0.042835;0.0438;0.0427;0.043155;28914560000;0
VTBR;D;20200305;000000;0.043575;0.04378;0.042925;0.04307;25439920000;0
VTBR;D;20200306;000000;0.0426;0.0426;0.040835;0.04122;62608260000;0
VTBR;D;20200310;000000;0.0371;0.0397;0.03478;0.03745;101031410000;0
VTBR;D;20200311;000000;0.0383;0.0383;0.03617;0.036355;58794660000;0
VTBR;D;20200312;000000;0.034995;0.034995;0.030735;0.03112;147127700000;0
VTBR;D;20200313;000000;0.031755;0.032995;0.0312;0.031575;130916070000;0
VTBR;D;20200316;000000;0.03033;0.030945;0.028755;0.03015;118854640000;0
VTBR;D;20200317;000000;0.03022;0.03144;0.028905;0.029735;90650580000;0
VTBR;D;20200318;000000;0.0291;0.02939;0.0276;0.02814;90604990000;0
VTBR;D;20200319;000000;0.0285;0.03065;0.027855;0.03057;101200110000;0
VTBR;D;20200320;000000;0.031165;0.033025;0.03109;0.0315;117473160000;0
VTBR;D;20200323;000000;0.03005;0.032475;0.03005;0.0316;80082710000;0
VTBR;D;20200324;000000;0.033025;0.033495;0.0324;0.03288;63291310000;0
VTBR;D;20200325;000000;0.0336;0.035485;0.0317;0.0328;131955800000;0
VTBR;D;20200326;000000;0.032695;0.0334;0.0321;0.0325;64717070000;0
VTBR;D;20200327;000000;0.03295;0.03295;0.030855;0.0311;60796540000;0
VTBR;D;20200330;000000;0.03074;0.031795;0.02982;0.03165;78153550000;0
VTBR;D;20200331;000000;0.032345;0.032695;0.031795;0.0326;72341470000;0
VTBR;D;20200401;000000;0.03164;0.03238;0.03156;0.03203;57942320000;0
VTBR;D;20200402;000000;0.03277;0.032995;0.031175;0.032175;83791020000;0
VTBR;D;20200403;000000;0.032;0.0326;0.031825;0.03208;69403500000;0
VTBR;D;20200406;000000;0.0325;0.03386;0.03237;0.03367;85024250000;0
VTBR;D;20200407;000000;0.03415;0.0352;0.034025;0.03437;129602330000;0
VTBR;D;20200408;000000;0.03437;0.035;0.03392;0.035;62953000000;0
VTBR;D;20200409;000000;0.035605;0.03694;0.035375;0.0364;126405020000;0
VTBR;D;20200410;000000;0.0362;0.03678;0.0355;0.03659;63274590000;0
VTBR;D;20200413;000000;0.036575;0.037125;0.035815;0.0359;70638440000;0
VTBR;D;20200414;000000;0.0364;0.03645;0.035195;0.035415;58137130000;0
VTBR;D;20200415;000000;0.03512;0.035185;0.033175;0.03324;89841270000;0
VTBR;D;20200416;000000;0.03349;0.034465;0.0327;0.034;87102260000;0
VTBR;D;20200417;000000;0.0348;0.0348;0.034;0.0343;40591000000;0
VTBR;D;20200420;000000;0.0339;0.034275;0.0336;0.033805;40668330000;0
VTBR;D;20200421;000000;0.03331;0.03338;0.03264;0.0331;60632240000;0
VTBR;D;20200422;000000;0.03295;0.03417;0.03271;0.034;55754430000;0
VTBR;D;20200423;000000;0.03425;0.034455;0.03382;0.03427;43622580000;0
VTBR;D;20200424;000000;0.034095;0.03416;0.0336;0.033705;35756070000;0
VTBR;D;20200427;000000;0.0337;0.034085;0.03365;0.0339;22889990000;0
VTBR;D;20200428;000000;0.033875;0.035;0.033785;0.0345;56795800000;0
VTBR;D;20200429;000000;0.03475;0.03523;0.03465;0.035195;38851640000;0
VTBR;D;20200430;000000;0.0356;0.035835;0.03476;0.0349;44164690000;0
VTBR;D;20200504;000000;0.0345;0.0351;0.034105;0.03486;32897410000;0
VTBR;D;20200505;000000;0.035265;0.035655;0.03516;0.035475;29973320000;0
VTBR;D;20200506;000000;0.035495;0.035895;0.035305;0.03531;33139220000;0
VTBR;D;20200507;000000;0.03545;0.03594;0.035375;0.03553;26874870000;0
VTBR;D;20200508;000000;0.03561;0.035785;0.03505;0.035375;27298050000;0
VTBR;D;20200512;000000;0.03536;0.03551;0.0351;0.035185;20395570000;0
VTBR;D;20200513;000000;0.035;0.03504;0.034205;0.034205;34688080000;0
VTBR;D;20200514;000000;0.03404;0.0345;0.033915;0.03431;28918490000;0
VTBR;D;20200515;000000;0.03462;0.03485;0.034215;0.034215;21677280000;0
VTBR;D;20200518;000000;0.03462;0.035045;0.0345;0.03499;25536360000;0
VTBR;D;20200519;000000;0.0351;0.03543;0.03467;0.03483;30088980000;0
VTBR;D;20200520;000000;0.034795;0.035235;0.03463;0.03521;27893940000;0
VTBR;D;20200521;000000;0.03526;0.03542;0.034785;0.03496;34193070000;0
VTBR;D;20200522;000000;0.0347;0.03488;0.03453;0.03467;21239030000;0
VTBR;D;20200525;000000;0.034805;0.03509;0.034805;0.035005;11943430000;0
VTBR;D;20200526;000000;0.03518;0.03557;0.03506;0.0351;28693510000;0
VTBR;D;20200527;000000;0.03509;0.03565;0.03505;0.03539;36437990000;0
VTBR;D;20200528;000000;0.035595;0.03606;0.03541;0.03597;40127180000;0
VTBR;D;20200529;000000;0.0359;0.03631;0.0353;0.03631;41176300000;0
VTBR;D;20200601;000000;0.03642;0.03673;0.03627;0.03664;38481470000;0
VTBR;D;20200602;000000;0.03674;0.037175;0.03665;0.037175;46046810000;0
VTBR;D;20200603;000000;0.03726;0.03798;0.03725;0.03798;45953780000;0
VTBR;D;20200604;000000;0.03787;0.0379;0.0368;0.03715;48038880000;0
VTBR;D;20200605;000000;0.03731;0.037675;0.03719;0.037595;31463070000;0
VTBR;D;20200608;000000;0.03775;0.037945;0.0374;0.037695;36997900000;0
VTBR;D;20200609;000000;0.0378;0.037835;0.037165;0.0377;27801740000;0
VTBR;D;20200610;000000;0.03777;0.037815;0.037365;0.03758;22764120000;0
VTBR;D;20200611;000000;0.03727;0.03728;0.03644;0.036745;36959020000;0
VTBR;D;20200615;000000;0.03615;0.03705;0.03583;0.036845;28893720000;0
VTBR;D;20200616;000000;0.0372;0.03743;0.0368;0.03688;25790530000;0
VTBR;D;20200617;000000;0.03692;0.03716;0.03645;0.0365;24866380000;0
VTBR;D;20200618;000000;0.03643;0.036495;0.03583;0.0359;32679350000;0
VTBR;D;20200619;000000;0.03612;0.03635;0.035255;0.035255;53976150000;0
VTBR;D;20200622;000000;0.0354;0.03575;0.03523;0.035565;36664210000;0
VTBR;D;20200623;000000;0.035545;0.03588;0.03543;0.03554;20512740000;0
VTBR;D;20200625;000000;0.035105;0.0356;0.034975;0.0356;26359740000;0
VTBR;D;20200626;000000;0.03558;0.0357;0.03504;0.03515;19433400000;0
VTBR;D;20200629;000000;0.035175;0.03551;0.034845;0.035485;19417280000;0
VTBR;D;20200630;000000;0.03542;0.03555;0.03492;0.03505;21458800000;0
VTBR;D;20200702;000000;0.03513;0.03558;0.03513;0.03541;21612520000;0
VTBR;D;20200703;000000;0.035515;0.035695;0.03538;0.03567;16978650000;0
VTBR;D;20200706;000000;0.035975;0.03616;0.0358;0.03608;25804320000;0
VTBR;D;20200707;000000;0.035995;0.036;0.035655;0.035735;21095430000;0
VTBR;D;20200708;000000;0.035705;0.03575;0.035275;0.03551;28616380000;0
VTBR;D;20200709;000000;0.03564;0.03564;0.035;0.035175;25571990000;0
VTBR;D;20200710;000000;0.03494;0.035255;0.03486;0.035235;21517570000;0
VTBR;D;20200713;000000;0.03536;0.035395;0.034955;0.035;21755330000;0
VTBR;D;20200714;000000;0.03501;0.035055;0.03418;0.034915;37320990000;0
VTBR;D;20200715;000000;0.035;0.035055;0.03474;0.034995;20380650000;0
VTBR;D;20200716;000000;0.03476;0.03494;0.034625;0.03481;14545360000;0
VTBR;D;20200717;000000;0.034815;0.03488;0.034605;0.0348;15442940000;0
VTBR;D;20200720;000000;0.0348;0.037135;0.03465;0.0371;107900140000;0
VTBR;D;20200721;000000;0.03715;0.03872;0.03715;0.03807;140523650000;0
VTBR;D;20200722;000000;0.037985;0.03835;0.03752;0.03789;50343730000;0
VTBR;D;20200723;000000;0.038145;0.038205;0.03716;0.037465;37908140000;0
VTBR;D;20200724;000000;0.03749;0.038025;0.03712;0.03795;29501100000;0
VTBR;D;20200727;000000;0.0381;0.0395;0.038045;0.03921;90604760000;0
VTBR;D;20200728;000000;0.0393;0.039515;0.03874;0.038905;32229060000;0
VTBR;D;20200729;000000;0.03882;0.039295;0.0385;0.03924;40381380000;0
VTBR;D;20200730;000000;0.0385;0.039115;0.03825;0.03861;45253480000;0
VTBR;D;20200731;000000;0.03844;0.0389;0.03844;0.038755;28315540000;0
VTBR;D;20200803;000000;0.038835;0.040135;0.03876;0.040125;66517620000;0
VTBR;D;20200804;000000;0.0402;0.040705;0.03985;0.040385;43705150000;0
VTBR;D;20200805;000000;0.04053;0.040725;0.03811;0.03855;187088610000;0
VTBR;D;20200806;000000;0.03856;0.03878;0.03743;0.03783;85657880000;0
VTBR;D;20200807;000000;0.03782;0.03794;0.036595;0.03672;100285270000;0
VTBR;D;20200810;000000;0.0367;0.03705;0.03651;0.036755;40059580000;0
VTBR;D;20200811;000000;0.03665;0.037455;0.036605;0.03693;59060670000;0
VTBR;D;20200812;000000;0.03717;0.0377;0.036935;0.03768;39962170000;0
VTBR;D;20200813;000000;0.03759;0.037985;0.037455;0.03764;34535440000;0
VTBR;D;20200814;000000;0.03778;0.037845;0.037275;0.03772;25084530000;0
VTBR;D;20200817;000000;0.03785;0.0381;0.03737;0.03761;36069770000;0
VTBR;D;20200818;000000;0.037575;0.037735;0.03717;0.037355;19458890000;0
VTBR;D;20200819;000000;0.03732;0.03766;0.037245;0.037445;18066600000;0
VTBR;D;20200820;000000;0.037325;0.037345;0.03671;0.03697;29008710000;0
VTBR;D;20200821;000000;0.03701;0.0371;0.036075;0.03636;34656660000;0
VTBR;D;20200824;000000;0.03646;0.03666;0.036005;0.036315;41049570000;0
VTBR;D;20200825;000000;0.03632;0.03646;0.03565;0.03585;36272520000;0
VTBR;D;20200826;000000;0.03579;0.03608;0.03536;0.036065;31798930000;0
VTBR;D;20200827;000000;0.03605;0.03637;0.03595;0.03609;22391500000;0
VTBR;D;20200828;000000;0.036155;0.036275;0.0358;0.03595;15121180000;0
VTBR;D;20200831;000000;0.03606;0.036195;0.035055;0.035375;29831200000;0
VTBR;D;20200901;000000;0.035435;0.036085;0.03537;0.036065;24617740000;0
VTBR;D;20200902;000000;0.0361;0.03616;0.03516;0.035555;29992580000;0
VTBR;D;20200903;000000;0.035535;0.03562;0.034925;0.03508;34146140000;0
VTBR;D;20200904;000000;0.034985;0.0354;0.034805;0.035335;20974240000;0
VTBR;D;20200907;000000;0.03525;0.035445;0.035085;0.03521;14155070000;0
VTBR;D;20200908;000000;0.03525;0.035285;0.0345;0.034825;26895620000;0
VTBR;D;20200909;000000;0.03483;0.03506;0.03471;0.03503;14808510000;0
VTBR;D;20200910;000000;0.03505;0.035485;0.034615;0.03515;24680060000;0
VTBR;D;20200911;000000;0.03524;0.03544;0.03509;0.03542;13257920000;0
VTBR;D;20200914;000000;0.03553;0.035875;0.03548;0.0358;24480920000;0
VTBR;D;20200915;000000;0.03583;0.03625;0.035635;0.036185;24933190000;0
VTBR;D;20200916;000000;0.03624;0.036345;0.035685;0.035795;22062020000;0
VTBR;D;20200917;000000;0.03561;0.03577;0.035345;0.035705;24480770000;0
VTBR;D;20200918;000000;0.03576;0.0358;0.035255;0.03549;22396030000;0
VTBR;D;20200921;000000;0.035475;0.035475;0.03455;0.034855;27058740000;0
VTBR;D;20200922;000000;0.034835;0.035115;0.0343;0.034635;51071170000;0
VTBR;D;20200923;000000;0.0346;0.034875;0.0343;0.034355;27369640000;0
VTBR;D;20200924;000000;0.03414;0.0346;0.03402;0.034275;35481010000;0
VTBR;D;20200925;000000;0.03434;0.03439;0.03391;0.034225;18763710000;0
VTBR;D;20200928;000000;0.034255;0.03459;0.03417;0.034495;18386560000;0
VTBR;D;20200929;000000;0.0345;0.03488;0.03363;0.03458;33614040000;0
VTBR;D;20200930;000000;0.034545;0.03475;0.03427;0.034475;19438520000;0
VTBR;D;20201001;000000;0.034645;0.034705;0.03415;0.03425;14037380000;0
VTBR;D;20201002;000000;0.03374;0.0339;0.03351;0.033835;19757220000;0
VTBR;D;20201005;000000;0.03395;0.03398;0.0336;0.03375;14806130000;0
VTBR;D;20201006;000000;0.033745;0.034065;0.033695;0.03379;14221960000;0
VTBR;D;20201007;000000;0.0338;0.03395;0.03319;0.033405;23753780000;0
VTBR;D;20201008;000000;0.0334;0.033505;0.033055;0.033395;18563020000;0
VTBR;D;20201009;000000;0.033475;0.033475;0.033005;0.033205;13953360000;0
VTBR;D;20201012;000000;0.033195;0.03354;0.033115;0.03323;13353250000;0
VTBR;D;20201013;000000;0.03318;0.03338;0.032915;0.03304;12164670000;0
VTBR;D;20201014;000000;0.032965;0.033295;0.032805;0.033225;12838710000;0
VTBR;D;20201015;000000;0.03312;0.033185;0.032405;0.032655;25034160000;0
VTBR;D;20201016;000000;0.0326;0.032675;0.032005;0.03202;19953610000;0
VTBR;D;20201019;000000;0.03212;0.032295;0.031625;0.031725;21276610000;0
VTBR;D;20201020;000000;0.0318;0.03398;0.0315;0.03389;107520980000;0
VTBR;D;20201021;000000;0.03396;0.03467;0.033325;0.0336;91922600000;0
VTBR;D;20201022;000000;0.0334;0.03478;0.03325;0.03464;65648000000;0
VTBR;D;20201023;000000;0.03461;0.035145;0.03427;0.034785;39225860000;0
VTBR;D;20201026;000000;0.034725;0.03473;0.033885;0.034115;26684250000;0
VTBR;D;20201027;000000;0.03416;0.034425;0.0334;0.033435;23796420000;0
VTBR;D;20201028;000000;0.033435;0.033435;0.0322;0.032225;35777770000;0
VTBR;D;20201029;000000;0.03237;0.0331;0.03205;0.03276;39284930000;0
VTBR;D;20201030;000000;0.032475;0.03322;0.03222;0.032665;30379460000;0
VTBR;D;20201102;000000;0.03263;0.032915;0.0321;0.032865;24608640000;0
VTBR;D;20201103;000000;0.033;0.033295;0.032705;0.032955;34418860000;0
VTBR;D;20201105;000000;0.03342;0.03379;0.033155;0.033645;40427060000;0
VTBR;D;20201106;000000;0.03357;0.033725;0.0332;0.033605;23497920000;0
VTBR;D;20201109;000000;0.0339;0.03462;0.033625;0.03439;65190950000;0
VTBR;D;20201110;000000;0.03438;0.034835;0.034165;0.03464;36265150000;0
VTBR;D;20201111;000000;0.03471;0.03522;0.03412;0.03414;59201710000;0
VTBR;D;20201112;000000;0.034;0.036605;0.03385;0.035935;108567640000;0
VTBR;D;20201113;000000;0.03593;0.03705;0.035745;0.0366;107156980000;0
VTBR;D;20201116;000000;0.03695;0.0373;0.036605;0.0372;87168040000;0
VTBR;D;20201117;000000;0.03719;0.037245;0.0359;0.0362;67093790000;0
VTBR;D;20201118;000000;0.03601;0.03668;0.035435;0.03605;42886420000;0
VTBR;D;20201119;000000;0.03605;0.036265;0.03569;0.0361;27247570000;0
VTBR;D;20201120;000000;0.0361;0.036845;0.03605;0.036545;34485610000;0
VTBR;D;20201123;000000;0.03667;0.037;0.036255;0.03653;31805190000;0
VTBR;D;20201124;000000;0.036695;0.036995;0.036435;0.036935;31575580000;0
VTBR;D;20201125;000000;0.03694;0.03715;0.036445;0.03682;51552500000;0
VTBR;D;20201126;000000;0.036865;0.03744;0.0366;0.037;71428160000;0
VTBR;D;20201127;000000;0.0371;0.0382;0.036785;0.037765;110563390000;0
VTBR;D;20201130;000000;0.037705;0.03785;0.037005;0.03721;44631670000;0
VTBR;D;20201201;000000;0.037385;0.037825;0.03727;0.0377;29865660000;0
VTBR;D;20201202;000000;0.03755;0.03805;0.03747;0.03797;33249460000;0
VTBR;D;20201203;000000;0.03799;0.03843;0.03734;0.037755;46394130000;0
VTBR;D;20201204;000000;0.03784;0.0381;0.0377;0.037835;39952560000;0
VTBR;D;20201207;000000;0.0378;0.037985;0.037445;0.03749;25906660000;0
VTBR;D;20201208;000000;0.037485;0.0378;0.03705;0.03748;26201790000;0
VTBR;D;20201209;000000;0.03753;0.03794;0.03725;0.03732;31229180000;0
VTBR;D;20201210;000000;0.037425;0.03814;0.03723;0.03803;47836870000;0
VTBR;D;20201211;000000;0.038075;0.03823;0.0377;0.037945;35754990000;0
VTBR;D;20201214;000000;0.03815;0.038695;0.0375;0.03783;63805610000;0
VTBR;D;20201215;000000;0.037705;0.03804;0.03761;0.037765;39280020000;0
VTBR;D;20201216;000000;0.037825;0.0385;0.0377;0.038315;64512440000;0
VTBR;D;20201217;000000;0.03835;0.03894;0.038005;0.03835;48357600000;0
VTBR;D;20201218;000000;0.03815;0.038365;0.037825;0.03815;29665660000;0
VTBR;D;20201221;000000;0.03796;0.038045;0.036515;0.03718;58560480000;0
VTBR;D;20201222;000000;0.0369;0.03754;0.036755;0.037205;27838570000;0
VTBR;D;20201223;000000;0.037295;0.038145;0.037155;0.037945;33251380000;0
VTBR;D;20201224;000000;0.03815;0.03827;0.03767;0.03783;17867390000;0
VTBR;D;20201225;000000;0.03784;0.038075;0.0378;0.03795;9899430000;0
VTBR;D;20201228;000000;0.0383;0.038315;0.0379;0.03801;18439690000;0
VTBR;D;20201229;000000;0.03818;0.03822;0.037465;0.037755;16673280000;0
VTBR;D;20201230;000000;0.03789;0.03818;0.0375;0.037895;17776870000;0
VTBR;D;20210104;000000;0.0381;0.03852;0.0378;0.037925;23944330000;0
VTBR;D;20210105;000000;0.037925;0.0386;0.037855;0.038445;28792370000;0
VTBR;D;20210106;000000;0.03858;0.038595;0.03805;0.038235;25475760000;0
VTBR;D;20210108;000000;0.038515;0.039095;0.038445;0.03894;39651860000;0
VTBR;D;20210111;000000;0.038745;0.04005;0.03841;0.03989;60323050000;0
VTBR;D;20210112;000000;0.040045;0.04055;0.03975;0.040175;50005080000;0
VTBR;D;20210113;000000;0.0402;0.04046;0.03951;0.039735;37111550000;0
VTBR;D;20210114;000000;0.03979;0.0401;0.03926;0.039875;26622860000;0
VTBR;D;20210115;000000;0.039735;0.04144;0.0392;0.03956;84249390000;0
VTBR;D;20210118;000000;0.039375;0.03944;0.038755;0.03916;39201640000;0
VTBR;D;20210119;000000;0.03947;0.039475;0.03855;0.038645;33876040000;0
VTBR;D;20210120;000000;0.03868;0.03891;0.0386;0.03879;24794300000;0
VTBR;D;20210121;000000;0.03898;0.03899;0.03779;0.03787;37890030000;0
VTBR;D;20210122;000000;0.03765;0.03774;0.03708;0.03737;33448360000;0
VTBR;D;20210125;000000;0.0376;0.0379;0.037405;0.03772;25857840000;0
VTBR;D;20210126;000000;0.03755;0.037825;0.03735;0.03772;18564990000;0
VTBR;D;20210127;000000;0.0378;0.037885;0.03702;0.037065;24568050000;0
VTBR;D;20210128;000000;0.037;0.03732;0.0364;0.03709;34129890000;0
VTBR;D;20210129;000000;0.036935;0.036955;0.03655;0.036635;22255430000;0
VTBR;D;20210201;000000;0.0368;0.037145;0.036635;0.036945;20879260000;0
VTBR;D;20210202;000000;0.0371;0.03753;0.03685;0.036945;27939660000;0
VTBR;D;20210203;000000;0.03714;0.037375;0.03675;0.037;22615290000;0
VTBR;D;20210204;000000;0.03692;0.0374;0.03692;0.03738;18429970000;0
VTBR;D;20210205;000000;0.037455;0.038075;0.037315;0.037885;29792610000;0
VTBR;D;20210208;000000;0.03802;0.03834;0.03802;0.038285;20104930000;0
VTBR;D;20210209;000000;0.0384;0.038425;0.03759;0.037805;25175230000;0
VTBR;D;20210210;000000;0.03785;0.03807;0.03728;0.03737;16866700000;0
VTBR;D;20210211;000000;0.0374;0.03773;0.037235;0.03747;12237700000;0
VTBR;D;20210212;000000;0.037315;0.03769;0.036945;0.037685;20143020000;0
VTBR;D;20210215;000000;0.03784;0.038145;0.03775;0.03808;21421400000;0
VTBR;D;20210216;000000;0.03815;0.038225;0.0377;0.03789;15731190000;0
VTBR;D;20210217;000000;0.037855;0.0383;0.03738;0.03768;23409080000;0
VTBR;D;20210218;000000;0.037735;0.037735;0.036755;0.03694;25715150000;0
VTBR;D;20210219;000000;0.036805;0.037465;0.036715;0.03738;20674660000;0
VTBR;D;20210220;000000;0.03729;0.03738;0.03715;0.03731;3098180000;0
VTBR;D;20210222;000000;0.037465;0.037625;0.03697;0.03735;10337580000;0
VTBR;D;20210224;000000;0.0372;0.03758;0.03711;0.03748;16615080000;0
VTBR;D;20210225;000000;0.03755;0.0381;0.037325;0.037415;36458160000;0
VTBR;D;20210226;000000;0.03728;0.03772;0.03696;0.037075;33570090000;0
VTBR;D;20210301;000000;0.037255;0.03746;0.037215;0.037385;14719430000;0
VTBR;D;20210302;000000;0.037295;0.03773;0.037125;0.037605;19735210000;0
VTBR;D;20210303;000000;0.03777;0.038085;0.0373;0.037445;25685690000;0
VTBR;D;20210304;000000;0.03748;0.037755;0.03685;0.036975;31210100000;0
VTBR;D;20210305;000000;0.037165;0.0376;0.036965;0.03759;25894490000;0
VTBR;D;20210309;000000;0.03764;0.038635;0.037595;0.038465;40891710000;0
VTBR;D;20210310;000000;0.0383;0.03909;0.038085;0.03831;26424890000;0
VTBR;D;20210311;000000;0.03847;0.038655;0.037815;0.038265;24737460000;0
VTBR;D;20210312;000000;0.03828;0.038295;0.037975;0.038175;12851650000;0
VTBR;D;20210315;000000;0.0383;0.0388;0.038205;0.03857;22968780000;0
VTBR;D;20210316;000000;0.03849;0.03892;0.0383;0.038765;19205050000;0
VTBR;D;20210317;000000;0.03871;0.038825;0.037845;0.038215;26216840000;0
VTBR;D;20210318;000000;0.03833;0.03845;0.037445;0.03761;26270740000;0
VTBR;D;20210319;000000;0.03765;0.03803;0.03742;0.03785;27791790000;0
VTBR;D;20210322;000000;0.03788;0.0386;0.03772;0.03816;29558520000;0
VTBR;D;20210323;000000;0.03809;0.03829;0.037625;0.0378;22980950000;0
VTBR;D;20210324;000000;0.03799;0.038195;0.037815;0.037915;13796240000;0
VTBR;D;20210325;000000;0.03792;0.038165;0.03767;0.03805;13874130000;0
VTBR;D;20210326;000000;0.0381;0.03846;0.0381;0.03838;12087100000;0
VTBR;D;20210329;000000;0.03833;0.0389;0.038135;0.038785;25068860000;0
VTBR;D;20210330;000000;0.03895;0.039935;0.03885;0.03986;36327050000;0
VTBR;D;20210331;000000;0.039915;0.04289;0.03985;0.042715;183384400000;0
VTBR;D;20210401;000000;0.043;0.043635;0.0423;0.04258;93832880000;0
VTBR;D;20210402;000000;0.04281;0.043175;0.04207;0.042855;38690610000;0
VTBR;D;20210405;000000;0.04286;0.04443;0.042725;0.044375;71705980000;0
VTBR;D;20210406;000000;0.044485;0.044935;0.04283;0.0429;96213900000;0
VTBR;D;20210407;000000;0.0429;0.0444;0.042675;0.0441;56021740000;0
VTBR;D;20210408;000000;0.04438;0.04498;0.043865;0.044055;50377450000;0
VTBR;D;20210409;000000;0.04406;0.044145;0.0434;0.04375;30692520000;0
VTBR;D;20210412;000000;0.043615;0.0445;0.04335;0.04402;27505520000;0
VTBR;D;20210413;000000;0.04427;0.0455;0.044165;0.04548;55400560000;0
VTBR;D;20210414;000000;0.04572;0.04718;0.045625;0.04676;83229210000;0
VTBR;D;20210415;000000;0.0459;0.046705;0.045645;0.046355;39619790000;0
VTBR;D;20210416;000000;0.046755;0.04754;0.046565;0.047475;52252950000;0
VTBR;D;20210419;000000;0.0476;0.0478;0.04635;0.04642;53903270000;0
VTBR;D;20210420;000000;0.046675;0.0482;0.045925;0.046825;136890110000;0
VTBR;D;20210421;000000;0.046765;0.04795;0.046495;0.04786;67800970000;0
VTBR;D;20210422;000000;0.048;0.04827;0.04722;0.048;57180210000;0
VTBR;D;20210423;000000;0.04816;0.0515;0.048095;0.05136;192194760000;0
VTBR;D;20210426;000000;0.0518;0.05216;0.05041;0.051315;107433310000;0
VTBR;D;20210427;000000;0.051315;0.05177;0.05088;0.051295;59692860000;0
VTBR;D;20210428;000000;0.0517;0.05172;0.05014;0.05033;72041480000;0
VTBR;D;20210429;000000;0.05062;0.05124;0.04945;0.05001;66675490000;0
VTBR;D;20210430;000000;0.049825;0.05168;0.049555;0.0516;73640960000;0
VTBR;D;20210504;000000;0.05189;0.0549;0.05172;0.054695;144393170000;0
VTBR;D;20210505;000000;0.05483;0.055655;0.05353;0.054125;76302090000;0
VTBR;D;20210506;000000;0.0542;0.054845;0.053565;0.054285;37973130000;0
VTBR;D;20210507;000000;0.054495;0.05455;0.05242;0.052725;56926980000;0
VTBR;D;20210510;000000;0.053;0.053195;0.05022;0.050895;64939230000;0
VTBR;D;20210511;000000;0.0507;0.05164;0.0495;0.04958;87188320000;0
VTBR;D;20210512;000000;0.04985;0.0501;0.048405;0.048605;85049780000;0
VTBR;D;20210513;000000;0.048725;0.05126;0.04857;0.051055;78539940000;0
VTBR;D;20210514;000000;0.0513;0.05155;0.0496;0.050075;55320760000;0
VTBR;D;20210517;000000;0.050325;0.050335;0.047765;0.04796;105454970000;0
VTBR;D;20210518;000000;0.04815;0.04858;0.0456;0.04567;218991330000;0
VTBR;D;20210519;000000;0.0452;0.04742;0.04411;0.0453;347106250000;0
VTBR;D;20210520;000000;0.04549;0.04667;0.04477;0.04632;144574730000;0
VTBR;D;20210521;000000;0.04644;0.04644;0.04516;0.045605;84414040000;0
VTBR;D;20210524;000000;0.04581;0.046075;0.045145;0.045415;52735090000;0
VTBR;D;20210525;000000;0.04545;0.045655;0.04515;0.04536;43748190000;0
VTBR;D;20210526;000000;0.045595;0.04777;0.045515;0.047485;170850510000;0
VTBR;D;20210527;000000;0.04742;0.04919;0.04682;0.048695;189409920000;0
VTBR;D;20210528;000000;0.04889;0.04909;0.04783;0.048395;54170000000;0
VTBR;D;20210531;000000;0.0484;0.04897;0.0484;0.04875;38982240000;0
VTBR;D;20210601;000000;0.0489;0.05005;0.04875;0.04955;100717070000;0
VTBR;D;20210602;000000;0.0496;0.049945;0.04886;0.04992;59829540000;0
VTBR;D;20210603;000000;0.050095;0.050295;0.048915;0.049385;60119670000;0
VTBR;D;20210604;000000;0.049435;0.049445;0.04786;0.048615;78832000000;0
VTBR;D;20210607;000000;0.0484;0.04906;0.048305;0.048795;32929330000;0
VTBR;D;20210608;000000;0.048605;0.0501;0.04859;0.05;77005920000;0
VTBR;D;20210609;000000;0.050065;0.051195;0.050025;0.051165;77691190000;0
VTBR;D;20210610;000000;0.0512;0.05136;0.05003;0.05026;51286000000;0
VTBR;D;20210611;000000;0.050425;0.05096;0.04994;0.050405;45933680000;0
VTBR;D;20210614;000000;0.05049;0.050745;0.0498;0.049935;30648930000;0
VTBR;D;20210615;000000;0.05;0.050295;0.048805;0.049165;57347290000;0
VTBR;D;20210616;000000;0.049175;0.04962;0.047895;0.04838;71934460000;0
VTBR;D;20210617;000000;0.048185;0.04872;0.04778;0.04846;60685940000;0
VTBR;D;20210618;000000;0.04844;0.04848;0.0472;0.047345;73770400000;0
VTBR;D;20210621;000000;0.04719;0.0485;0.0467;0.048265;58898120000;0
VTBR;D;20210622;000000;0.048505;0.04863;0.0479;0.048225;39051460000;0
VTBR;D;20210623;000000;0.048335;0.04861;0.047935;0.048225;28804040000;0
VTBR;D;20210624;000000;0.04839;0.049215;0.04804;0.0485;52390430000;0
VTBR;D;20210625;000000;0.04865;0.04894;0.048305;0.048635;21849120000;0
VTBR;D;20210628;000000;0.048835;0.049725;0.04633;0.04961;57720800000;0
VTBR;D;20210629;000000;0.049505;0.0496;0.04815;0.04866;52177930000;0
VTBR;D;20210630;000000;0.0488;0.04898;0.0476;0.048475;75766760000;0
VTBR;D;20210701;000000;0.048565;0.0491;0.04849;0.048915;40345760000;0
VTBR;D;20210702;000000;0.0489;0.04901;0.04855;0.04877;21938710000;0
VTBR;D;20210705;000000;0.0489;0.050775;0.04871;0.050545;65528040000;0
VTBR;D;20210706;000000;0.05072;0.050875;0.049105;0.04948;62108580000;0
VTBR;D;20210707;000000;0.04969;0.04993;0.049065;0.0494;48489490000;0
VTBR;D;20210708;000000;0.0491;0.049165;0.0484;0.048695;45351200000;0
VTBR;D;20210709;000000;0.0488;0.049175;0.04842;0.048995;34227330000;0
VTBR;D;20210712;000000;0.049175;0.0493;0.048555;0.04889;31075510000;0
VTBR;D;20210713;000000;0.048995;0.049055;0.04812;0.048225;36670960000;0
VTBR;D;20210714;000000;0.04706;0.047475;0.04692;0.04731;39409070000;0
VTBR;D;20210715;000000;0.0473;0.04785;0.04688;0.04719;38177880000;0
VTBR;D;20210716;000000;0.04719;0.04775;0.04706;0.04725;33683490000;0
VTBR;D;20210719;000000;0.0471;0.047215;0.045685;0.046;63337240000;0
VTBR;D;20210720;000000;0.04611;0.046525;0.0458;0.04625;36798070000;0
VTBR;D;20210721;000000;0.04625;0.047;0.04601;0.04693;24714140000;0
VTBR;D;20210722;000000;0.047005;0.04741;0.046595;0.04676;29547310000;0
VTBR;D;20210723;000000;0.046905;0.047045;0.04653;0.046735;24867690000;0
VTBR;D;20210726;000000;0.04651;0.046785;0.046325;0.04658;32573620000;0
VTBR;D;20210727;000000;0.046475;0.046695;0.046;0.046235;47609430000;0
VTBR;D;20210728;000000;0.04634;0.04815;0.04623;0.048;61946180000;0
VTBR;D;20210729;000000;0.04818;0.049;0.047845;0.04836;58818250000;0
VTBR;D;20210730;000000;0.04836;0.048845;0.04767;0.04846;78405080000;0
VTBR;D;20210802;000000;0.0489;0.0494;0.048585;0.048785;53898020000;0
VTBR;D;20210803;000000;0.048825;0.049285;0.0481;0.048995;33810770000;0
VTBR;D;20210804;000000;0.0491;0.04918;0.048845;0.049125;27363820000;0
VTBR;D;20210805;000000;0.049195;0.049995;0.049;0.04968;40718290000;0
VTBR;D;20210806;000000;0.049725;0.050325;0.049365;0.049945;44808670000;0
VTBR;D;20210809;000000;0.0498;0.05145;0.0494;0.051005;60263650000;0
VTBR;D;20210810;000000;0.051315;0.052125;0.0511;0.05185;58438970000;0
VTBR;D;20210811;000000;0.0519;0.053135;0.051575;0.05312;67710700000;0
VTBR;D;20210812;000000;0.05315;0.0534;0.05181;0.052075;59329300000;0
VTBR;D;20210813;000000;0.05207;0.05267;0.051295;0.051445;34631080000;0
VTBR;D;20210816;000000;0.051295;0.05242;0.051065;0.052385;30976730000;0
VTBR;D;20210817;000000;0.0523;0.05309;0.05212;0.052385;51879880000;0
VTBR;D;20210818;000000;0.05264;0.052795;0.051135;0.05119;36490990000;0
VTBR;D;20210819;000000;0.051015;0.05102;0.049825;0.05048;66391340000;0
VTBR;D;20210820;000000;0.050405;0.0511;0.04958;0.050685;43960290000;0
VTBR;D;20210823;000000;0.0513;0.051415;0.050935;0.0513;22210540000;0
VTBR;D;20210824;000000;0.051385;0.05174;0.05057;0.051065;34832630000;0
VTBR;D;20210825;000000;0.051065;0.05129;0.0504;0.051085;25778320000;0
VTBR;D;20210826;000000;0.050995;0.051085;0.0498;0.050045;30235820000;0
VTBR;D;20210827;000000;0.05027;0.050875;0.0497;0.050805;32760020000;0
VTBR;D;20210830;000000;0.05081;0.05225;0.05081;0.05215;51014370000;0
VTBR;D;20210831;000000;0.05235;0.052995;0.052175;0.05269;72035330000;0
VTBR;D;20210901;000000;0.052995;0.053215;0.05241;0.0532;39277270000;0
VTBR;D;20210902;000000;0.05333;0.0535;0.05215;0.052445;37365780000;0
VTBR;D;20210903;000000;0.0525;0.0529;0.05185;0.0524;43189030000;0
VTBR;D;20210906;000000;0.052625;0.05454;0.0525;0.05409;67941420000;0
VTBR;D;20210907;000000;0.05437;0.05484;0.05305;0.05364;54765000000;0
VTBR;D;20210908;000000;0.05389;0.0544;0.05292;0.053785;50190650000;0
VTBR;D;20210909;000000;0.053745;0.053745;0.052275;0.05239;46956130000;0
VTBR;D;20210910;000000;0.05265;0.053225;0.05176;0.05195;35974380000;0
VTBR;D;20210913;000000;0.05226;0.05255;0.0519;0.05255;30557760000;0
VTBR;D;20210914;000000;0.052585;0.05275;0.051275;0.051495;45208440000;0
VTBR;D;20210915;000000;0.0515;0.052485;0.051125;0.05212;57187640000;0
VTBR;D;20210916;000000;0.052055;0.05239;0.05113;0.051635;41156670000;0
VTBR;D;20210917;000000;0.05169;0.0519;0.0512;0.0514;37151220000;0
VTBR;D;20210920;000000;0.051;0.05105;0.0494;0.04998;46809920000;0
VTBR;D;20210921;000000;0.0503;0.050705;0.049455;0.050065;42526390000;0
VTBR;D;20210922;000000;0.0505;0.05115;0.0499;0.050815;44786380000;0
VTBR;D;20210923;000000;0.05102;0.051305;0.05015;0.050795;38198850000;0
VTBR;D;20210924;000000;0.05067;0.051125;0.05038;0.050925;25084550000;0
VTBR;D;20210927;000000;0.05131;0.05235;0.0511;0.052345;42822290000;0
VTBR;D;20210928;000000;0.05241;0.05311;0.05055;0.050855;78959040000;0
VTBR;D;20210929;000000;0.0507;0.051595;0.050465;0.05096;35803390000;0
VTBR;D;20210930;000000;0.0513;0.05222;0.05114;0.05167;70653200000;0
VTBR;D;20211001;000000;0.0512;0.0515;0.05083;0.051485;31149940000;0
VTBR;D;20211004;000000;0.05144;0.0524;0.05094;0.05168;64568670000;0
VTBR;D;20211005;000000;0.051915;0.053995;0.05158;0.053835;92936250000;0
VTBR;D;20211006;000000;0.05398;0.0549;0.05271;0.05416;127269990000;0
VTBR;D;20211007;000000;0.0545;0.0551;0.05371;0.05428;74049560000;0
VTBR;D;20211008;000000;0.05435;0.05475;0.05383;0.054595;52697970000;0
VTBR;D;20211011;000000;0.054875;0.05654;0.05473;0.05619;118934990000;0
VTBR;D;20211012;000000;0.055815;0.05595;0.055205;0.05539;52446470000;0
VTBR;D;20211013;000000;0.0555;0.05565;0.05434;0.05511;59028170000;0
VTBR;D;20211014;000000;0.055375;0.056;0.05456;0.05537;68298000000;0
VTBR;D;20211015;000000;0.05551;0.055745;0.05495;0.0556;33865940000;0
VTBR;D;20211018;000000;0.05559;0.055825;0.05506;0.055765;28718880000;0
VTBR;D;20211019;000000;0.05616;0.057495;0.055805;0.0574;102520900000;0
VTBR;D;20211020;000000;0.0572;0.0575;0.056245;0.05661;69284200000;0
VTBR;D;20211021;000000;0.056105;0.0565;0.05463;0.05516;72413390000;0
VTBR;D;20211022;000000;0.05521;0.0559;0.054205;0.0544;65835260000;0
VTBR;D;20211025;000000;0.054795;0.0562;0.053945;0.05617;64228310000;0
VTBR;D;20211026;000000;0.05647;0.05647;0.055555;0.05597;56846650000;0
VTBR;D;20211027;000000;0.05527;0.056;0.054925;0.05506;55368660000;0
VTBR;D;20211028;000000;0.054945;0.055285;0.05308;0.053765;76534200000;0
VTBR;D;20211029;000000;0.05346;0.05359;0.052;0.05273;93372230000;0
VTBR;D;20211101;000000;0.05275;0.05355;0.05232;0.05354;58834370000;0
VTBR;D;20211102;000000;0.05363;0.05372;0.05236;0.05282;56291490000;0
VTBR;D;20211103;000000;0.05245;0.052985;0.0518;0.052885;47906350000;0
VTBR;D;20211105;000000;0.052495;0.05286;0.05214;0.052815;31850440000;0
VTBR;D;20211108;000000;0.0531;0.05337;0.051865;0.05237;47162750000;0
VTBR;D;20211109;000000;0.0523;0.05237;0.051;0.05152;63058750000;0
VTBR;D;20211110;000000;0.05138;0.051665;0.05;0.050025;73397730000;0
VTBR;D;20211111;000000;0.050195;0.051485;0.05005;0.05125;74250150000;0
VTBR;D;20211112;000000;0.05131;0.05154;0.04957;0.05029;92696270000;0
VTBR;D;20211115;000000;0.050305;0.05231;0.05017;0.05189;87731940000;0
VTBR;D;20211116;000000;0.05213;0.052245;0.05081;0.05104;51956540000;0
VTBR;D;20211117;000000;0.0509;0.05196;0.050885;0.051565;37487760000;0
VTBR;D;20211118;000000;0.051535;0.05301;0.05053;0.05255;88387770000;0
VTBR;D;20211119;000000;0.053;0.05324;0.050125;0.050495;127522960000;0
VTBR;D;20211122;000000;0.05015;0.05036;0.04803;0.048405;122276130000;0
VTBR;D;20211123;000000;0.04808;0.05;0.047025;0.049875;105135770000;0
VTBR;D;20211124;000000;0.05013;0.050365;0.048925;0.04935;47967190000;0
VTBR;D;20211125;000000;0.049555;0.049695;0.04867;0.04879;34404540000;0
VTBR;D;20211126;000000;0.0477;0.04799;0.04652;0.04658;87920040000;0
VTBR;D;20211129;000000;0.0476;0.048055;0.046525;0.047375;86409470000;0
VTBR;D;20211130;000000;0.04657;0.048;0.04644;0.047195;85998990000;0
VTBR;D;20211201;000000;0.047735;0.048595;0.0472;0.04758;73979600000;0
VTBR;D;20211202;000000;0.0476;0.04908;0.0476;0.04893;63079060000;0
VTBR;D;20211203;000000;0.04926;0.049265;0.04818;0.04861;41028580000;0
VTBR;D;20211206;000000;0.04878;0.04922;0.047435;0.04801;44447040000;0
VTBR;D;20211207;000000;0.04801;0.048675;0.0471;0.04838;66569670000;0
VTBR;D;20211208;000000;0.0486;0.04918;0.046655;0.047255;63975270000;0
VTBR;D;20211209;000000;0.047335;0.047935;0.04647;0.046915;51939810000;0
VTBR;D;20211210;000000;0.04704;0.0471;0.045815;0.045935;73429100000;0
VTBR;D;20211213;000000;0.046045;0.046235;0.04247;0.04293;140574070000;0
VTBR;D;20211214;000000;0.04289;0.04455;0.03909;0.04444;153690120000;0
VTBR;D;20211215;000000;0.0445;0.04488;0.04346;0.044795;61040650000;0
VTBR;D;20211216;000000;0.0448;0.04671;0.044795;0.04624;88088510000;0
VTBR;D;20211217;000000;0.046005;0.04733;0.045635;0.046905;65058510000;0
VTBR;D;20211220;000000;0.046495;0.046595;0.04535;0.046365;66071540000;0
VTBR;D;20211221;000000;0.04656;0.047475;0.04606;0.04734;55918320000;0
VTBR;D;20211222;000000;0.0473;0.048195;0.04695;0.047575;59557760000;0
VTBR;D;20211223;000000;0.047575;0.0482;0.046975;0.0472;37777400000;0
VTBR;D;20211224;000000;0.047325;0.047345;0.046205;0.04709;35005460000;0
VTBR;D;20211227;000000;0.047015;0.04805;0.04701;0.04773;47068130000;0
VTBR;D;20211228;000000;0.04782;0.04845;0.047675;0.048395;48837170000;0
VTBR;D;20211229;000000;0.048415;0.04858;0.04776;0.04843;28217600000;0
VTBR;D;20211230;000000;0.048425;0.048615;0.047925;0.048195;30722500000;0
